function t = CPWCernoxConvert(res)
%%CONVERSION PROGRAM FOR CX86642
% res=2313
temperature = 5.388347*cos(0*acos(((log10((3.1077*res - 446.19))-3.06783129188)-(4.69726761356 -log10((3.1077*res - 446.19))))/(4.69726761356-3.06783129188)))-6.219429*cos(1*acos(((log10((3.1077*res - 446.19))-3.06783129188)-(4.69726761356 -log10((3.1077*res - 446.19))))/(4.69726761356-3.06783129188)))+2.859767*cos(2*acos(((log10((3.1077*res - 446.19))-3.06783129188)-(4.69726761356 -log10((3.1077*res - 446.19))))/(4.69726761356-3.06783129188))) - 1.119301*cos(3*acos(((log10((3.1077*res - 446.19))-3.06783129188)-(4.69726761356 -log10((3.1077*res - 446.19))))/(4.69726761356-3.06783129188))) + 0.377960*cos(4*acos(((log10((3.1077*res - 446.19))-3.06783129188)-(4.69726761356 -log10((3.1077*res - 446.19))))/(4.69726761356-3.06783129188))) - 0.107089*cos(5*acos(((log10((3.1077*res - 446.19))-3.06783129188)-(4.69726761356 -log10((3.1077*res - 446.19))))/(4.69726761356-3.06783129188))) + 0.022714*cos(6*acos(((log10((3.1077*res - 446.19))-3.06783129188)-(4.69726761356 -log10((3.1077*res - 446.19))))/(4.69726761356-3.06783129188))) -0.001792*cos(7*acos(((log10((3.1077*res - 446.19))-3.06783129188)-(4.69726761356 -log10((3.1077*res - 446.19))))/(4.69726761356-3.06783129188))) -0.001607*cos(8*acos(((log10((3.1077*res - 446.19))-3.06783129188)-(4.69726761356 -log10((3.1077*res - 446.19))))/(4.69726761356-3.06783129188))) + 0.001346*cos(9*acos(((log10((3.1077*res - 446.19))-3.06783129188)-(4.69726761356 -log10((3.1077*res - 446.19))))/(4.69726761356-3.06783129188)))
end
