Vector,data,"SurfaceValue(Surface(PDF_Geometry_3), VecY(VOLTAGE))",,,
NumElems,335,,,,
3.00E-07,-1.93E-03,3.46E-08,4.99E-01,,
3.50E-07,-1.93E-03,3.46E-08,4.99E-01,,
3.50E-07,-1.93E-03,3.46E-08,4.99E-01,,
4.00E-07,-1.93E-03,3.46E-08,4.99E-01,,
4.00E-07,-1.93E-03,3.46E-08,4.99E-01,,
4.00E-07,-1.93E-03,3.46E-08,4.99E-01,,
3.00E-07,-1.92E-03,3.46E-08,4.99E-01,,
3.50E-07,-1.92E-03,3.46E-08,4.99E-01,,
3.50E-07,-1.93E-03,3.46E-08,4.99E-01,,
4.00E-07,-1.92E-03,3.46E-08,4.99E-01,,
4.00E-07,-1.92E-03,3.46E-08,4.99E-01,,
4.00E-07,-1.93E-03,3.46E-08,4.99E-01,,
3.00E-07,-1.92E-03,3.46E-08,4.99E-01,,
3.50E-07,-1.93E-03,3.46E-08,4.99E-01,,
3.00E-07,-1.93E-03,3.46E-08,4.99E-01,,
4.00E-07,-1.93E-03,3.46E-08,4.99E-01,,
3.50E-07,-1.93E-03,3.46E-08,4.99E-01,,
3.00E-07,-1.93E-03,3.46E-08,4.99E-01,,
4.00E-07,-1.92E-03,3.46E-08,4.99E-01,,
3.50E-07,-1.92E-03,3.46E-08,4.99E-01,,
4.00E-07,-1.92E-03,3.46E-08,4.99E-01,,
3.00E-07,-1.92E-03,3.46E-08,4.99E-01,,
3.50E-07,-1.92E-03,3.46E-08,4.99E-01,,
4.00E-07,-1.92E-03,3.46E-08,4.99E-01,,
3.00E-07,-1.93E-03,3.46E-08,4.99E-01,,
3.50E-07,-1.93E-03,3.46E-08,4.99E-01,,
3.50E-07,-1.93E-03,3.46E-08,4.99E-01,,
4.00E-07,-1.93E-03,3.46E-08,4.99E-01,,
4.00E-07,-1.93E-03,3.46E-08,4.99E-01,,
4.00E-07,-1.93E-03,3.46E-08,4.99E-01,,
3.00E-07,-1.92E-03,3.46E-08,4.99E-01,,
3.50E-07,-1.92E-03,3.46E-08,4.99E-01,,
3.00E-07,-1.92E-03,3.46E-08,4.99E-01,,
4.00E-07,-1.92E-03,3.46E-08,4.99E-01,,
3.50E-07,-1.92E-03,3.46E-08,4.99E-01,,
3.00E-07,-1.92E-03,3.46E-08,4.99E-01,,
3.00E-07,-1.93E-03,3.46E-08,4.99E-01,,
3.50E-07,-1.93E-03,3.46E-08,4.99E-01,,
3.50E-07,-1.93E-03,3.46E-08,4.99E-01,,
4.00E-07,-1.93E-03,3.46E-08,4.99E-01,,
4.00E-07,-1.93E-03,3.46E-08,4.99E-01,,
4.00E-07,-1.93E-03,3.46E-08,4.99E-01,,
3.00E-07,-1.93E-03,3.46E-08,4.99E-01,,
3.00E-07,-1.93E-03,3.46E-08,4.99E-01,,
3.50E-07,-1.93E-03,3.46E-08,4.99E-01,,
3.00E-07,-1.93E-03,3.46E-08,4.99E-01,,
3.50E-07,-1.93E-03,3.46E-08,4.99E-01,,
4.00E-07,-1.93E-03,3.46E-08,4.99E-01,,
3.00E-07,-1.93E-03,3.46E-08,4.99E-01,,
3.50E-07,-1.93E-03,3.46E-08,4.99E-01,,
3.50E-07,-1.93E-03,3.46E-08,4.99E-01,,
4.00E-07,-1.93E-03,3.46E-08,4.99E-01,,
4.00E-07,-1.93E-03,3.46E-08,4.99E-01,,
4.00E-07,-1.93E-03,3.46E-08,4.99E-01,,
3.00E-07,-1.93E-03,3.46E-08,4.99E-01,,
3.50E-07,-1.93E-03,3.46E-08,4.99E-01,,
3.00E-07,-1.93E-03,3.46E-08,4.99E-01,,
4.00E-07,-1.93E-03,3.46E-08,4.99E-01,,
3.50E-07,-1.93E-03,3.46E-08,4.99E-01,,
3.00E-07,-1.93E-03,3.46E-08,4.99E-01,,
4.00E-07,-1.93E-03,3.46E-08,4.99E-01,,
4.00E-07,-1.93E-03,3.46E-08,4.99E-01,,
3.50E-07,-1.93E-03,3.46E-08,4.99E-01,,
4.00E-07,-1.93E-03,3.46E-08,4.99E-01,,
3.50E-07,-1.93E-03,3.46E-08,4.99E-01,,
3.00E-07,-1.93E-03,3.46E-08,4.99E-01,,
4.00E-07,-1.93E-03,3.46E-08,4.99E-01,,
4.00E-07,-1.93E-03,3.46E-08,4.99E-01,,
3.50E-07,-1.93E-03,3.46E-08,4.99E-01,,
4.00E-07,-1.93E-03,3.46E-08,4.99E-01,,
3.50E-07,-1.93E-03,3.46E-08,4.99E-01,,
3.00E-07,-1.93E-03,3.46E-08,4.99E-01,,
3.00E-07,-1.93E-03,3.46E-08,4.99E-01,,
3.50E-07,-1.93E-03,3.46E-08,4.99E-01,,
3.00E-07,-1.93E-03,3.46E-08,4.99E-01,,
4.00E-07,-1.93E-03,3.46E-08,4.99E-01,,
3.50E-07,-1.93E-03,3.46E-08,4.99E-01,,
3.00E-07,-1.93E-03,3.46E-08,4.99E-01,,
3.00E-07,-1.93E-03,3.46E-08,4.99E-01,,
3.00E-07,-1.93E-03,3.46E-08,4.99E-01,,
3.50E-07,-1.93E-03,3.46E-08,4.99E-01,,
3.00E-07,-1.93E-03,3.46E-08,4.99E-01,,
3.50E-07,-1.93E-03,3.46E-08,4.99E-01,,
4.00E-07,-1.93E-03,3.46E-08,4.99E-01,,
4.00E-07,-1.93E-03,3.46E-08,4.99E-01,,
4.00E-07,-1.93E-03,3.46E-08,4.99E-01,,
3.50E-07,-1.93E-03,3.46E-08,4.99E-01,,
4.00E-07,-1.93E-03,3.46E-08,4.99E-01,,
3.50E-07,-1.93E-03,3.46E-08,4.99E-01,,
3.00E-07,-1.93E-03,3.46E-08,4.99E-01,,
3.00E-07,-1.93E-03,3.46E-08,4.99E-01,,
3.50E-07,-1.93E-03,3.46E-08,4.99E-01,,
3.00E-07,-1.93E-03,3.46E-08,4.99E-01,,
4.00E-07,-1.93E-03,3.46E-08,4.99E-01,,
3.50E-07,-1.93E-03,3.46E-08,4.99E-01,,
3.00E-07,-1.93E-03,3.46E-08,4.99E-01,,
4.00E-07,-1.93E-03,3.46E-08,4.99E-01,,
3.50E-07,-1.93E-03,3.46E-08,4.99E-01,,
3.50E-07,-1.93E-03,3.46E-08,4.99E-01,,
3.00E-07,-1.93E-03,3.46E-08,4.99E-01,,
3.00E-07,-1.93E-03,3.46E-08,4.99E-01,,
3.00E-07,-1.93E-03,3.46E-08,4.99E-01,,
4.00E-07,-1.93E-03,3.46E-08,4.99E-01,,
3.50E-07,-1.93E-03,3.46E-08,4.99E-01,,
4.00E-07,-1.93E-03,3.46E-08,4.99E-01,,
3.00E-07,-1.93E-03,3.46E-08,4.99E-01,,
3.50E-07,-1.93E-03,3.46E-08,4.99E-01,,
4.00E-07,-1.93E-03,3.46E-08,4.99E-01,,
3.00E-07,-1.93E-03,3.46E-08,4.99E-01,,
3.50E-07,-1.93E-03,3.46E-08,4.99E-01,,
3.50E-07,-1.93E-03,3.46E-08,4.99E-01,,
4.00E-07,-1.93E-03,3.46E-08,4.99E-01,,
4.00E-07,-1.93E-03,3.46E-08,4.99E-01,,
4.00E-07,-1.93E-03,3.46E-08,4.99E-01,,
4.00E-07,-1.93E-03,3.46E-08,4.99E-01,,
3.50E-07,-1.93E-03,3.46E-08,4.99E-01,,
3.50E-07,-1.93E-03,3.46E-08,4.99E-01,,
3.00E-07,-1.93E-03,3.46E-08,4.99E-01,,
3.00E-07,-1.93E-03,3.46E-08,4.99E-01,,
3.00E-07,-1.93E-03,3.46E-08,4.99E-01,,
4.00E-07,-1.94E-03,3.46E-08,4.99E-01,,
3.50E-07,-1.93E-03,3.46E-08,4.99E-01,,
4.00E-07,-1.93E-03,3.46E-08,4.99E-01,,
3.00E-07,-1.93E-03,3.46E-08,4.99E-01,,
3.50E-07,-1.93E-03,3.46E-08,4.99E-01,,
4.00E-07,-1.93E-03,3.46E-08,4.99E-01,,
3.00E-07,-1.94E-03,3.46E-08,4.99E-01,,
3.00E-07,-1.94E-03,3.46E-08,4.99E-01,,
3.50E-07,-1.94E-03,3.46E-08,4.99E-01,,
3.00E-07,-1.94E-03,3.46E-08,4.99E-01,,
3.50E-07,-1.94E-03,3.46E-08,4.99E-01,,
4.00E-07,-1.94E-03,3.46E-08,4.99E-01,,
3.00E-07,-1.93E-03,3.46E-08,4.99E-01,,
3.50E-07,-1.93E-03,3.46E-08,4.99E-01,,
3.00E-07,-1.93E-03,3.46E-08,4.99E-01,,
4.00E-07,-1.93E-03,3.46E-08,4.99E-01,,
3.50E-07,-1.93E-03,3.46E-08,4.99E-01,,
3.00E-07,-1.93E-03,3.46E-08,4.99E-01,,
3.00E-07,-1.94E-03,3.46E-08,4.99E-01,,
3.50E-07,-1.94E-03,3.46E-08,4.99E-01,,
3.50E-07,-1.94E-03,3.46E-08,4.99E-01,,
4.00E-07,-1.94E-03,3.46E-08,4.99E-01,,
4.00E-07,-1.94E-03,3.46E-08,4.99E-01,,
4.00E-07,-1.94E-03,3.46E-08,4.99E-01,,
4.00E-07,-1.94E-03,3.46E-08,4.99E-01,,
3.50E-07,-1.94E-03,3.46E-08,4.99E-01,,
3.50E-07,-1.93E-03,3.46E-08,4.99E-01,,
3.00E-07,-1.94E-03,3.46E-08,4.99E-01,,
3.00E-07,-1.93E-03,3.46E-08,4.99E-01,,
3.00E-07,-1.93E-03,3.46E-08,4.99E-01,,
3.00E-07,-1.93E-03,3.46E-08,4.99E-01,,
3.00E-07,-1.93E-03,3.46E-08,4.99E-01,,
3.50E-07,-1.93E-03,3.46E-08,4.99E-01,,
3.00E-07,-1.93E-03,3.46E-08,4.99E-01,,
3.50E-07,-1.93E-03,3.46E-08,4.99E-01,,
4.00E-07,-1.93E-03,3.46E-08,4.99E-01,,
4.00E-07,-1.93E-03,3.46E-08,4.99E-01,,
4.00E-07,-1.93E-03,3.46E-08,4.99E-01,,
3.50E-07,-1.93E-03,3.46E-08,4.99E-01,,
4.00E-07,-1.93E-03,3.46E-08,4.99E-01,,
3.50E-07,-1.93E-03,3.46E-08,4.99E-01,,
3.00E-07,-1.93E-03,3.46E-08,4.99E-01,,
4.00E-07,-1.94E-03,3.46E-08,4.99E-01,,
4.00E-07,-1.94E-03,3.46E-08,4.99E-01,,
3.50E-07,-1.94E-03,3.46E-08,4.99E-01,,
4.00E-07,-1.94E-03,3.46E-08,4.99E-01,,
3.50E-07,-1.94E-03,3.46E-08,4.99E-01,,
3.00E-07,-1.94E-03,3.46E-08,4.99E-01,,
4.00E-07,-1.94E-03,3.46E-08,4.99E-01,,
3.50E-07,-1.94E-03,3.46E-08,4.99E-01,,
3.50E-07,-1.94E-03,3.46E-08,4.99E-01,,
3.00E-07,-1.94E-03,3.46E-08,4.99E-01,,
3.00E-07,-1.94E-03,3.46E-08,4.99E-01,,
3.00E-07,-1.94E-03,3.46E-08,4.99E-01,,
3.00E-07,-1.94E-03,3.46E-08,4.99E-01,,
3.50E-07,-1.94E-03,3.46E-08,4.99E-01,,
3.50E-07,-1.94E-03,3.46E-08,4.99E-01,,
4.00E-07,-1.94E-03,3.46E-08,4.99E-01,,
4.00E-07,-1.94E-03,3.46E-08,4.99E-01,,
4.00E-07,-1.94E-03,3.46E-08,4.99E-01,,
3.00E-07,-1.94E-03,3.46E-08,4.99E-01,,
3.50E-07,-1.94E-03,3.46E-08,4.99E-01,,
3.00E-07,-1.94E-03,3.46E-08,4.99E-01,,
4.00E-07,-1.94E-03,3.46E-08,4.99E-01,,
3.50E-07,-1.94E-03,3.46E-08,4.99E-01,,
3.00E-07,-1.94E-03,3.46E-08,4.99E-01,,
3.00E-07,-1.94E-03,3.46E-08,4.99E-01,,
3.50E-07,-1.94E-03,3.46E-08,4.99E-01,,
3.00E-07,-1.94E-03,3.46E-08,4.99E-01,,
4.00E-07,-1.94E-03,3.46E-08,4.99E-01,,
3.50E-07,-1.94E-03,3.46E-08,4.99E-01,,
3.00E-07,-1.94E-03,3.46E-08,4.99E-01,,
4.00E-07,-1.94E-03,3.46E-08,4.99E-01,,
3.50E-07,-1.94E-03,3.46E-08,4.99E-01,,
3.50E-07,-1.94E-03,3.46E-08,4.99E-01,,
3.00E-07,-1.94E-03,3.46E-08,4.99E-01,,
3.00E-07,-1.94E-03,3.46E-08,4.99E-01,,
3.00E-07,-1.94E-03,3.46E-08,4.99E-01,,
4.00E-07,-1.94E-03,3.46E-08,4.99E-01,,
3.50E-07,-1.94E-03,3.46E-08,4.99E-01,,
4.00E-07,-1.94E-03,3.46E-08,4.99E-01,,
3.00E-07,-1.94E-03,3.46E-08,4.99E-01,,
3.50E-07,-1.94E-03,3.46E-08,4.99E-01,,
4.00E-07,-1.94E-03,3.46E-08,4.99E-01,,
4.00E-07,-1.94E-03,3.46E-08,4.99E-01,,
3.50E-07,-1.94E-03,3.46E-08,4.99E-01,,
4.00E-07,-1.94E-03,3.46E-08,4.99E-01,,
3.00E-07,-1.94E-03,3.46E-08,4.99E-01,,
3.50E-07,-1.94E-03,3.46E-08,4.99E-01,,
4.00E-07,-1.94E-03,3.46E-08,4.99E-01,,
4.00E-07,-1.94E-03,3.46E-08,4.99E-01,,
3.50E-07,-1.94E-03,3.46E-08,4.99E-01,,
3.50E-07,-1.94E-03,3.46E-08,4.99E-01,,
3.00E-07,-1.94E-03,3.46E-08,4.99E-01,,
3.00E-07,-1.94E-03,3.46E-08,4.99E-01,,
3.00E-07,-1.94E-03,3.46E-08,4.99E-01,,
4.00E-07,-1.94E-03,3.46E-08,4.99E-01,,
3.50E-07,-1.94E-03,3.46E-08,4.99E-01,,
4.00E-07,-1.94E-03,3.46E-08,4.99E-01,,
3.00E-07,-1.94E-03,3.46E-08,4.99E-01,,
3.50E-07,-1.94E-03,3.46E-08,4.99E-01,,
4.00E-07,-1.94E-03,3.46E-08,4.99E-01,,
4.00E-07,-1.94E-03,3.46E-08,4.99E-01,,
3.50E-07,-1.94E-03,3.46E-08,4.99E-01,,
4.00E-07,-1.94E-03,3.46E-08,4.99E-01,,
3.00E-07,-1.94E-03,3.46E-08,4.99E-01,,
3.50E-07,-1.94E-03,3.46E-08,4.99E-01,,
4.00E-07,-1.94E-03,3.46E-08,4.99E-01,,
3.00E-07,-1.94E-03,3.46E-08,4.99E-01,,
3.00E-07,-1.94E-03,3.46E-08,4.99E-01,,
3.50E-07,-1.94E-03,3.46E-08,4.99E-01,,
3.00E-07,-1.94E-03,3.46E-08,4.99E-01,,
3.50E-07,-1.94E-03,3.46E-08,4.99E-01,,
4.00E-07,-1.94E-03,3.46E-08,4.99E-01,,
4.00E-07,-1.94E-03,3.46E-08,4.99E-01,,
3.50E-07,-1.94E-03,3.46E-08,4.99E-01,,
4.00E-07,-1.94E-03,3.46E-08,4.99E-01,,
3.00E-07,-1.94E-03,3.46E-08,4.99E-01,,
3.50E-07,-1.94E-03,3.46E-08,4.99E-01,,
4.00E-07,-1.94E-03,3.46E-08,4.99E-01,,
3.00E-07,-1.94E-03,3.46E-08,4.99E-01,,
3.50E-07,-1.94E-03,3.46E-08,4.99E-01,,
3.00E-07,-1.94E-03,3.46E-08,4.99E-01,,
4.00E-07,-1.94E-03,3.46E-08,4.99E-01,,
3.50E-07,-1.94E-03,3.46E-08,4.99E-01,,
3.00E-07,-1.94E-03,3.46E-08,4.99E-01,,
3.00E-07,-1.94E-03,3.46E-08,4.99E-01,,
3.50E-07,-1.94E-03,3.46E-08,4.99E-01,,
3.00E-07,-1.94E-03,3.46E-08,4.99E-01,,
4.00E-07,-1.94E-03,3.46E-08,4.99E-01,,
3.50E-07,-1.94E-03,3.46E-08,4.99E-01,,
3.00E-07,-1.94E-03,3.46E-08,4.99E-01,,
4.00E-07,-1.94E-03,3.46E-08,4.99E-01,,
3.50E-07,-1.94E-03,3.46E-08,4.99E-01,,
4.00E-07,-1.94E-03,3.46E-08,4.99E-01,,
3.00E-07,-1.94E-03,3.46E-08,4.99E-01,,
3.50E-07,-1.94E-03,3.46E-08,4.99E-01,,
4.00E-07,-1.94E-03,3.46E-08,4.99E-01,,
4.00E-07,-1.95E-03,3.46E-08,4.99E-01,,
4.00E-07,-1.95E-03,3.46E-08,4.99E-01,,
3.50E-07,-1.95E-03,3.46E-08,4.99E-01,,
4.00E-07,-1.95E-03,3.46E-08,4.99E-01,,
3.50E-07,-1.95E-03,3.46E-08,4.99E-01,,
3.00E-07,-1.95E-03,3.46E-08,4.99E-01,,
3.00E-07,-1.95E-03,3.46E-08,4.99E-01,,
3.00E-07,-1.95E-03,3.46E-08,4.99E-01,,
3.50E-07,-1.95E-03,3.46E-08,4.99E-01,,
3.00E-07,-1.95E-03,3.46E-08,4.99E-01,,
3.50E-07,-1.95E-03,3.46E-08,4.99E-01,,
4.00E-07,-1.95E-03,3.46E-08,4.99E-01,,
4.00E-07,-1.95E-03,3.46E-08,4.99E-01,,
3.50E-07,-1.95E-03,3.46E-08,4.99E-01,,
4.00E-07,-1.95E-03,3.46E-08,4.99E-01,,
3.00E-07,-1.95E-03,3.46E-08,4.99E-01,,
3.50E-07,-1.95E-03,3.46E-08,4.99E-01,,
4.00E-07,-1.95E-03,3.46E-08,4.99E-01,,
3.00E-07,-1.95E-03,3.46E-08,4.99E-01,,
3.50E-07,-1.95E-03,3.46E-08,4.99E-01,,
3.00E-07,-1.95E-03,3.46E-08,4.99E-01,,
4.00E-07,-1.95E-03,3.46E-08,4.99E-01,,
3.50E-07,-1.95E-03,3.46E-08,4.99E-01,,
3.00E-07,-1.95E-03,3.46E-08,4.99E-01,,
4.00E-07,-1.94E-03,3.46E-08,4.99E-01,,
3.50E-07,-1.94E-03,3.46E-08,4.99E-01,,
3.50E-07,-1.94E-03,3.46E-08,4.99E-01,,
3.00E-07,-1.95E-03,3.46E-08,4.99E-01,,
3.00E-07,-1.94E-03,3.46E-08,4.99E-01,,
3.00E-07,-1.94E-03,3.46E-08,4.99E-01,,
4.00E-07,-1.95E-03,3.46E-08,4.99E-01,,
3.50E-07,-1.95E-03,3.46E-08,4.99E-01,,
4.00E-07,-1.94E-03,3.46E-08,4.99E-01,,
3.00E-07,-1.95E-03,3.46E-08,4.99E-01,,
3.50E-07,-1.94E-03,3.46E-08,4.99E-01,,
4.00E-07,-1.94E-03,3.46E-08,4.99E-01,,
4.00E-07,-1.95E-03,3.46E-08,4.99E-01,,
3.50E-07,-1.95E-03,3.46E-08,4.99E-01,,
4.00E-07,-1.95E-03,3.46E-08,4.99E-01,,
3.00E-07,-1.95E-03,3.46E-08,4.99E-01,,
3.50E-07,-1.95E-03,3.46E-08,4.99E-01,,
4.00E-07,-1.95E-03,3.46E-08,4.99E-01,,
4.00E-07,-1.95E-03,3.46E-08,4.99E-01,,
3.50E-07,-1.95E-03,3.46E-08,4.99E-01,,
3.50E-07,-1.95E-03,3.46E-08,4.99E-01,,
3.00E-07,-1.95E-03,3.46E-08,4.99E-01,,
3.00E-07,-1.95E-03,3.46E-08,4.99E-01,,
3.00E-07,-1.95E-03,3.46E-08,4.99E-01,,
4.00E-07,-1.95E-03,3.46E-08,4.99E-01,,
3.50E-07,-1.95E-03,3.46E-08,4.99E-01,,
4.00E-07,-1.95E-03,3.46E-08,4.99E-01,,
3.00E-07,-1.95E-03,3.46E-08,4.99E-01,,
3.50E-07,-1.95E-03,3.46E-08,4.99E-01,,
4.00E-07,-1.95E-03,3.46E-08,4.99E-01,,
4.00E-07,-1.95E-03,3.46E-08,4.99E-01,,
3.50E-07,-1.95E-03,3.46E-08,4.99E-01,,
3.50E-07,-1.95E-03,3.46E-08,4.99E-01,,
3.00E-07,-1.95E-03,3.46E-08,4.99E-01,,
3.00E-07,-1.95E-03,3.46E-08,4.99E-01,,
3.00E-07,-1.95E-03,3.46E-08,4.99E-01,,
4.00E-07,-1.95E-03,3.46E-08,4.99E-01,,
3.50E-07,-1.95E-03,3.46E-08,4.99E-01,,
3.50E-07,-1.95E-03,3.46E-08,4.99E-01,,
3.00E-07,-1.95E-03,3.46E-08,4.99E-01,,
3.00E-07,-1.95E-03,3.46E-08,4.99E-01,,
3.00E-07,-1.95E-03,3.46E-08,4.99E-01,,
4.00E-07,-1.95E-03,3.46E-08,4.99E-01,,
3.50E-07,-1.95E-03,3.46E-08,4.99E-01,,
4.00E-07,-1.95E-03,3.46E-08,4.99E-01,,
3.00E-07,-1.95E-03,3.46E-08,4.99E-01,,
3.50E-07,-1.95E-03,3.46E-08,4.99E-01,,
4.00E-07,-1.95E-03,3.46E-08,4.99E-01,,
3.00E-07,-1.95E-03,3.46E-08,4.99E-01,,
3.00E-07,-1.95E-03,3.46E-08,4.99E-01,,
3.50E-07,-1.95E-03,3.46E-08,4.99E-01,,
3.00E-07,-1.95E-03,3.46E-08,4.99E-01,,
3.50E-07,-1.95E-03,3.46E-08,4.99E-01,,
4.00E-07,-1.95E-03,3.46E-08,4.99E-01,,
3.00E-07,-1.95E-03,3.46E-08,4.99E-01,,
3.00E-07,-1.95E-03,3.46E-08,4.99E-01,,
3.50E-07,-1.95E-03,3.46E-08,4.99E-01,,
3.00E-07,-1.95E-03,3.46E-08,4.99E-01,,
3.50E-07,-1.95E-03,3.46E-08,4.99E-01,,
4.00E-07,-1.95E-03,3.46E-08,4.99E-01,,
4.00E-07,-1.95E-03,3.46E-08,4.99E-01,,
4.00E-07,-1.95E-03,3.46E-08,4.99E-01,,
3.50E-07,-1.95E-03,3.46E-08,4.99E-01,,
4.00E-07,-1.95E-03,3.46E-08,4.99E-01,,
3.50E-07,-1.95E-03,3.46E-08,4.99E-01,,
3.00E-07,-1.95E-03,3.46E-08,4.99E-01,,
3.00E-07,-1.95E-03,3.46E-08,4.99E-01,,
3.00E-07,-1.95E-03,3.46E-08,4.99E-01,,
3.50E-07,-1.95E-03,3.46E-08,4.99E-01,,
3.00E-07,-1.95E-03,3.46E-08,4.99E-01,,
3.50E-07,-1.95E-03,3.46E-08,4.99E-01,,
4.00E-07,-1.95E-03,3.46E-08,4.99E-01,,
3.00E-07,-1.96E-03,3.46E-08,4.99E-01,,
3.00E-07,-1.96E-03,3.46E-08,4.99E-01,,
3.50E-07,-1.96E-03,3.46E-08,4.99E-01,,
3.00E-07,-1.96E-03,3.46E-08,4.99E-01,,
3.50E-07,-1.96E-03,3.46E-08,4.99E-01,,
4.00E-07,-1.96E-03,3.46E-08,4.99E-01,,
4.00E-07,-1.96E-03,3.46E-08,4.99E-01,,
3.50E-07,-1.96E-03,3.46E-08,4.99E-01,,
4.00E-07,-1.95E-03,3.46E-08,4.99E-01,,
3.00E-07,-1.96E-03,3.46E-08,4.99E-01,,
3.50E-07,-1.95E-03,3.46E-08,4.99E-01,,
4.00E-07,-1.95E-03,3.46E-08,4.99E-01,,
4.00E-07,-1.95E-03,3.46E-08,4.99E-01,,
4.00E-07,-1.95E-03,3.46E-08,4.99E-01,,
3.50E-07,-1.95E-03,3.46E-08,4.99E-01,,
4.00E-07,-1.95E-03,3.46E-08,4.99E-01,,
3.50E-07,-1.95E-03,3.46E-08,4.99E-01,,
3.00E-07,-1.95E-03,3.46E-08,4.99E-01,,
3.00E-07,-1.95E-03,3.46E-08,4.99E-01,,
3.50E-07,-1.95E-03,3.46E-08,4.99E-01,,
3.00E-07,-1.95E-03,3.46E-08,4.99E-01,,
4.00E-07,-1.95E-03,3.46E-08,4.99E-01,,
3.50E-07,-1.95E-03,3.46E-08,4.99E-01,,
3.00E-07,-1.95E-03,3.46E-08,4.99E-01,,
3.00E-07,-1.95E-03,3.46E-08,4.99E-01,,
3.50E-07,-1.95E-03,3.46E-08,4.99E-01,,
3.00E-07,-1.95E-03,3.46E-08,4.99E-01,,
4.00E-07,-1.95E-03,3.46E-08,4.99E-01,,
3.50E-07,-1.95E-03,3.46E-08,4.99E-01,,
3.00E-07,-1.96E-03,3.46E-08,4.99E-01,,
3.00E-07,-1.96E-03,3.46E-08,4.99E-01,,
3.50E-07,-1.96E-03,3.46E-08,4.99E-01,,
3.00E-07,-1.96E-03,3.46E-08,4.99E-01,,
4.00E-07,-1.96E-03,3.46E-08,4.99E-01,,
3.50E-07,-1.96E-03,3.46E-08,4.99E-01,,
3.00E-07,-1.96E-03,3.46E-08,4.99E-01,,
3.00E-07,-1.96E-03,3.46E-08,4.99E-01,,
3.50E-07,-1.96E-03,3.46E-08,4.99E-01,,
3.50E-07,-1.96E-03,3.46E-08,4.99E-01,,
4.00E-07,-1.96E-03,3.46E-08,4.99E-01,,
4.00E-07,-1.96E-03,3.46E-08,4.99E-01,,
4.00E-07,-1.96E-03,3.46E-08,4.99E-01,,
4.00E-07,-1.96E-03,3.47E-08,4.99E-01,,
4.00E-07,-1.96E-03,3.47E-08,4.99E-01,,
3.50E-07,-1.96E-03,3.47E-08,4.99E-01,,
4.00E-07,-1.96E-03,3.47E-08,4.99E-01,,
3.50E-07,-1.96E-03,3.47E-08,4.99E-01,,
3.00E-07,-1.96E-03,3.47E-08,4.99E-01,,
4.00E-07,-1.96E-03,3.47E-08,4.99E-01,,
3.50E-07,-1.96E-03,3.47E-08,4.99E-01,,
3.50E-07,-1.96E-03,3.47E-08,4.99E-01,,
3.00E-07,-1.96E-03,3.47E-08,4.99E-01,,
3.00E-07,-1.96E-03,3.47E-08,4.99E-01,,
3.00E-07,-1.96E-03,3.46E-08,4.99E-01,,
4.00E-07,-1.96E-03,3.46E-08,4.99E-01,,
4.00E-07,-1.96E-03,3.46E-08,4.99E-01,,
3.50E-07,-1.96E-03,3.46E-08,4.99E-01,,
4.00E-07,-1.96E-03,3.47E-08,4.99E-01,,
3.50E-07,-1.96E-03,3.47E-08,4.99E-01,,
3.00E-07,-1.96E-03,3.46E-08,4.99E-01,,
4.00E-07,-1.96E-03,3.46E-08,4.99E-01,,
3.50E-07,-1.96E-03,3.46E-08,4.99E-01,,
3.50E-07,-1.96E-03,3.46E-08,4.99E-01,,
3.00E-07,-1.96E-03,3.46E-08,4.99E-01,,
3.00E-07,-1.96E-03,3.46E-08,4.99E-01,,
3.00E-07,-1.96E-03,3.46E-08,4.99E-01,,
3.00E-07,-1.96E-03,3.46E-08,4.99E-01,,
3.50E-07,-1.96E-03,3.46E-08,4.99E-01,,
3.50E-07,-1.96E-03,3.46E-08,4.99E-01,,
4.00E-07,-1.96E-03,3.46E-08,4.99E-01,,
4.00E-07,-1.96E-03,3.46E-08,4.99E-01,,
4.00E-07,-1.96E-03,3.46E-08,4.99E-01,,
4.00E-07,-1.96E-03,3.47E-08,4.99E-01,,
4.00E-07,-1.96E-03,3.47E-08,4.99E-01,,
3.50E-07,-1.96E-03,3.47E-08,4.99E-01,,
4.00E-07,-1.96E-03,3.47E-08,4.99E-01,,
3.50E-07,-1.96E-03,3.47E-08,4.99E-01,,
3.00E-07,-1.96E-03,3.47E-08,4.99E-01,,
3.00E-07,-1.96E-03,3.47E-08,4.99E-01,,
3.50E-07,-1.96E-03,3.47E-08,4.99E-01,,
3.00E-07,-1.96E-03,3.47E-08,4.99E-01,,
4.00E-07,-1.96E-03,3.47E-08,4.99E-01,,
3.50E-07,-1.96E-03,3.47E-08,4.99E-01,,
3.00E-07,-1.96E-03,3.47E-08,4.99E-01,,
3.00E-07,-1.96E-03,3.47E-08,4.99E-01,,
3.00E-07,-1.96E-03,3.47E-08,4.99E-01,,
3.50E-07,-1.96E-03,3.47E-08,4.99E-01,,
3.00E-07,-1.96E-03,3.47E-08,4.99E-01,,
3.50E-07,-1.96E-03,3.47E-08,4.99E-01,,
4.00E-07,-1.96E-03,3.47E-08,4.99E-01,,
3.00E-07,-1.96E-03,3.46E-08,4.99E-01,,
3.50E-07,-1.96E-03,3.46E-08,4.99E-01,,
3.00E-07,-1.96E-03,3.46E-08,4.99E-01,,
4.00E-07,-1.96E-03,3.46E-08,4.99E-01,,
3.50E-07,-1.96E-03,3.46E-08,4.99E-01,,
3.00E-07,-1.96E-03,3.46E-08,4.99E-01,,
4.00E-07,-1.96E-03,3.47E-08,4.99E-01,,
3.50E-07,-1.96E-03,3.47E-08,4.99E-01,,
3.50E-07,-1.96E-03,3.47E-08,4.99E-01,,
3.00E-07,-1.96E-03,3.47E-08,4.99E-01,,
3.00E-07,-1.96E-03,3.47E-08,4.99E-01,,
3.00E-07,-1.96E-03,3.47E-08,4.99E-01,,
3.00E-07,-1.96E-03,3.47E-08,4.99E-01,,
3.00E-07,-1.96E-03,3.47E-08,4.99E-01,,
3.50E-07,-1.96E-03,3.47E-08,4.99E-01,,
3.00E-07,-1.96E-03,3.47E-08,4.99E-01,,
3.50E-07,-1.96E-03,3.47E-08,4.99E-01,,
4.00E-07,-1.96E-03,3.47E-08,4.99E-01,,
3.00E-07,-1.96E-03,3.47E-08,4.99E-01,,
3.00E-07,-1.96E-03,3.47E-08,4.99E-01,,
3.50E-07,-1.96E-03,3.47E-08,4.99E-01,,
3.00E-07,-1.96E-03,3.47E-08,4.99E-01,,
3.50E-07,-1.96E-03,3.47E-08,4.99E-01,,
4.00E-07,-1.96E-03,3.47E-08,4.99E-01,,
3.00E-07,-1.96E-03,3.47E-08,4.99E-01,,
3.50E-07,-1.96E-03,3.47E-08,4.99E-01,,
3.50E-07,-1.96E-03,3.47E-08,4.99E-01,,
4.00E-07,-1.96E-03,3.47E-08,4.99E-01,,
4.00E-07,-1.96E-03,3.47E-08,4.99E-01,,
4.00E-07,-1.96E-03,3.47E-08,4.99E-01,,
4.00E-07,-1.96E-03,3.47E-08,4.99E-01,,
3.50E-07,-1.96E-03,3.47E-08,4.99E-01,,
4.00E-07,-1.96E-03,3.47E-08,4.99E-01,,
3.00E-07,-1.96E-03,3.47E-08,4.99E-01,,
3.50E-07,-1.96E-03,3.47E-08,4.99E-01,,
4.00E-07,-1.96E-03,3.47E-08,4.99E-01,,
4.00E-07,-1.96E-03,3.47E-08,4.99E-01,,
3.50E-07,-1.96E-03,3.47E-08,4.99E-01,,
4.00E-07,-1.96E-03,3.47E-08,4.99E-01,,
3.00E-07,-1.96E-03,3.47E-08,4.99E-01,,
3.50E-07,-1.96E-03,3.47E-08,4.99E-01,,
4.00E-07,-1.96E-03,3.47E-08,4.99E-01,,
4.00E-07,-1.96E-03,3.47E-08,4.99E-01,,
3.50E-07,-1.96E-03,3.47E-08,4.99E-01,,
3.50E-07,-1.96E-03,3.47E-08,4.99E-01,,
3.00E-07,-1.96E-03,3.47E-08,4.99E-01,,
3.00E-07,-1.96E-03,3.47E-08,4.99E-01,,
3.00E-07,-1.96E-03,3.47E-08,4.99E-01,,
3.00E-07,-1.96E-03,3.47E-08,4.99E-01,,
3.50E-07,-1.96E-03,3.47E-08,4.99E-01,,
3.50E-07,-1.96E-03,3.47E-08,4.99E-01,,
4.00E-07,-1.96E-03,3.47E-08,4.99E-01,,
4.00E-07,-1.96E-03,3.47E-08,4.99E-01,,
4.00E-07,-1.96E-03,3.47E-08,4.99E-01,,
4.00E-07,-1.96E-03,3.47E-08,4.99E-01,,
3.50E-07,-1.96E-03,3.47E-08,4.99E-01,,
3.50E-07,-1.96E-03,3.47E-08,4.99E-01,,
3.00E-07,-1.96E-03,3.47E-08,4.99E-01,,
3.00E-07,-1.96E-03,3.47E-08,4.99E-01,,
3.00E-07,-1.96E-03,3.47E-08,4.99E-01,,
3.00E-07,-1.96E-03,3.47E-08,4.99E-01,,
3.50E-07,-1.96E-03,3.47E-08,4.99E-01,,
3.50E-07,-1.96E-03,3.47E-08,4.99E-01,,
4.00E-07,-1.96E-03,3.47E-08,4.99E-01,,
4.00E-07,-1.96E-03,3.47E-08,4.99E-01,,
4.00E-07,-1.96E-03,3.47E-08,4.99E-01,,
3.00E-07,-1.97E-03,3.47E-08,4.99E-01,,
3.00E-07,-1.97E-03,3.47E-08,4.99E-01,,
3.50E-07,-1.97E-03,3.47E-08,4.99E-01,,
3.00E-07,-1.97E-03,3.47E-08,4.99E-01,,
3.50E-07,-1.97E-03,3.47E-08,4.99E-01,,
4.00E-07,-1.97E-03,3.47E-08,4.99E-01,,
4.00E-07,-1.97E-03,3.47E-08,4.99E-01,,
3.50E-07,-1.97E-03,3.47E-08,4.99E-01,,
4.00E-07,-1.97E-03,3.47E-08,4.99E-01,,
3.00E-07,-1.97E-03,3.47E-08,4.99E-01,,
3.50E-07,-1.97E-03,3.47E-08,4.99E-01,,
4.00E-07,-1.97E-03,3.47E-08,4.99E-01,,
4.00E-07,-1.97E-03,3.47E-08,4.99E-01,,
3.50E-07,-1.97E-03,3.47E-08,4.99E-01,,
3.50E-07,-1.97E-03,3.47E-08,4.99E-01,,
3.00E-07,-1.97E-03,3.47E-08,4.99E-01,,
3.00E-07,-1.97E-03,3.47E-08,4.99E-01,,
3.00E-07,-1.97E-03,3.47E-08,4.99E-01,,
4.00E-07,-1.97E-03,3.47E-08,4.99E-01,,
3.50E-07,-1.97E-03,3.47E-08,4.99E-01,,
4.00E-07,-1.97E-03,3.47E-08,4.99E-01,,
3.00E-07,-1.97E-03,3.47E-08,4.99E-01,,
3.50E-07,-1.97E-03,3.47E-08,4.99E-01,,
4.00E-07,-1.97E-03,3.47E-08,4.99E-01,,
4.00E-07,-1.97E-03,3.47E-08,4.99E-01,,
3.50E-07,-1.97E-03,3.47E-08,4.99E-01,,
3.50E-07,-1.97E-03,3.47E-08,4.99E-01,,
3.00E-07,-1.97E-03,3.47E-08,4.99E-01,,
3.00E-07,-1.97E-03,3.47E-08,4.99E-01,,
3.00E-07,-1.97E-03,3.47E-08,4.99E-01,,
4.00E-07,-1.97E-03,3.47E-08,4.99E-01,,
3.50E-07,-1.97E-03,3.47E-08,4.99E-01,,
4.00E-07,-1.97E-03,3.47E-08,4.99E-01,,
3.00E-07,-1.97E-03,3.47E-08,4.99E-01,,
3.50E-07,-1.97E-03,3.47E-08,4.99E-01,,
4.00E-07,-1.96E-03,3.47E-08,4.99E-01,,
4.00E-07,-1.96E-03,3.47E-08,4.99E-01,,
3.50E-07,-1.97E-03,3.47E-08,4.99E-01,,
3.50E-07,-1.96E-03,3.47E-08,4.99E-01,,
3.00E-07,-1.97E-03,3.47E-08,4.99E-01,,
3.00E-07,-1.97E-03,3.47E-08,4.99E-01,,
3.00E-07,-1.96E-03,3.47E-08,4.99E-01,,
4.00E-07,-1.97E-03,3.48E-08,4.99E-01,,
3.50E-07,-1.97E-03,3.48E-08,4.99E-01,,
3.50E-07,-1.97E-03,3.48E-08,4.99E-01,,
3.00E-07,-1.97E-03,3.48E-08,4.99E-01,,
3.00E-07,-1.97E-03,3.48E-08,4.99E-01,,
3.00E-07,-1.97E-03,3.48E-08,4.99E-01,,
3.00E-07,-1.97E-03,3.48E-08,4.99E-01,,
3.50E-07,-1.97E-03,3.47E-08,4.99E-01,,
3.50E-07,-1.97E-03,3.48E-08,4.99E-01,,
4.00E-07,-1.97E-03,3.47E-08,4.99E-01,,
4.00E-07,-1.97E-03,3.48E-08,4.99E-01,,
4.00E-07,-1.97E-03,3.48E-08,4.99E-01,,
4.00E-07,-1.97E-03,3.47E-08,4.99E-01,,
3.50E-07,-1.97E-03,3.47E-08,4.99E-01,,
4.00E-07,-1.97E-03,3.47E-08,4.99E-01,,
3.00E-07,-1.97E-03,3.47E-08,4.99E-01,,
3.50E-07,-1.97E-03,3.47E-08,4.99E-01,,
4.00E-07,-1.97E-03,3.47E-08,4.99E-01,,
3.00E-07,-1.97E-03,3.48E-08,4.99E-01,,
3.00E-07,-1.97E-03,3.47E-08,4.99E-01,,
3.50E-07,-1.97E-03,3.47E-08,4.99E-01,,
3.00E-07,-1.97E-03,3.47E-08,4.99E-01,,
3.50E-07,-1.97E-03,3.47E-08,4.99E-01,,
4.00E-07,-1.97E-03,3.47E-08,4.99E-01,,
3.00E-07,-1.97E-03,3.47E-08,4.99E-01,,
3.50E-07,-1.97E-03,3.47E-08,4.99E-01,,
3.00E-07,-1.97E-03,3.47E-08,4.99E-01,,
4.00E-07,-1.97E-03,3.47E-08,4.99E-01,,
3.50E-07,-1.97E-03,3.47E-08,4.99E-01,,
3.00E-07,-1.97E-03,3.47E-08,4.99E-01,,
3.00E-07,-1.97E-03,3.48E-08,4.99E-01,,
3.50E-07,-1.97E-03,3.48E-08,4.99E-01,,
3.00E-07,-1.97E-03,3.48E-08,4.99E-01,,
4.00E-07,-1.97E-03,3.48E-08,4.99E-01,,
3.50E-07,-1.97E-03,3.48E-08,4.99E-01,,
3.00E-07,-1.97E-03,3.48E-08,4.99E-01,,
3.00E-07,-1.97E-03,3.48E-08,4.99E-01,,
3.50E-07,-1.97E-03,3.48E-08,4.99E-01,,
3.50E-07,-1.97E-03,3.48E-08,4.99E-01,,
4.00E-07,-1.97E-03,3.48E-08,4.99E-01,,
4.00E-07,-1.97E-03,3.48E-08,4.99E-01,,
4.00E-07,-1.97E-03,3.48E-08,4.99E-01,,
4.00E-07,-1.98E-03,3.48E-08,4.99E-01,,
4.00E-07,-1.98E-03,3.48E-08,4.99E-01,,
3.50E-07,-1.98E-03,3.48E-08,4.99E-01,,
4.00E-07,-1.98E-03,3.49E-08,4.99E-01,,
3.50E-07,-1.98E-03,3.48E-08,4.99E-01,,
3.00E-07,-1.98E-03,3.48E-08,4.99E-01,,
4.00E-07,-1.98E-03,3.48E-08,4.99E-01,,
3.50E-07,-1.98E-03,3.48E-08,4.99E-01,,
3.50E-07,-1.98E-03,3.48E-08,4.99E-01,,
3.00E-07,-1.98E-03,3.48E-08,4.99E-01,,
3.00E-07,-1.98E-03,3.48E-08,4.99E-01,,
3.00E-07,-1.97E-03,3.48E-08,4.99E-01,,
4.00E-07,-1.98E-03,3.48E-08,4.99E-01,,
3.50E-07,-1.98E-03,3.48E-08,4.99E-01,,
4.00E-07,-1.98E-03,3.48E-08,4.99E-01,,
3.00E-07,-1.97E-03,3.48E-08,4.99E-01,,
3.50E-07,-1.98E-03,3.48E-08,4.99E-01,,
4.00E-07,-1.98E-03,3.48E-08,4.99E-01,,
3.00E-07,-1.97E-03,3.48E-08,4.99E-01,,
3.50E-07,-1.97E-03,3.48E-08,4.99E-01,,
3.50E-07,-1.98E-03,3.48E-08,4.99E-01,,
4.00E-07,-1.97E-03,3.48E-08,4.99E-01,,
4.00E-07,-1.97E-03,3.48E-08,4.99E-01,,
4.00E-07,-1.98E-03,3.48E-08,4.99E-01,,
4.00E-07,-1.97E-03,3.48E-08,4.99E-01,,
3.50E-07,-1.97E-03,3.48E-08,4.99E-01,,
4.00E-07,-1.97E-03,3.48E-08,4.99E-01,,
3.00E-07,-1.97E-03,3.48E-08,4.99E-01,,
3.50E-07,-1.97E-03,3.48E-08,4.99E-01,,
4.00E-07,-1.97E-03,3.48E-08,4.99E-01,,
4.00E-07,-1.97E-03,3.48E-08,4.99E-01,,
3.50E-07,-1.97E-03,3.48E-08,4.99E-01,,
3.50E-07,-1.97E-03,3.48E-08,4.99E-01,,
3.00E-07,-1.97E-03,3.48E-08,4.99E-01,,
3.00E-07,-1.97E-03,3.48E-08,4.99E-01,,
3.00E-07,-1.97E-03,3.48E-08,4.99E-01,,
3.00E-07,-1.97E-03,3.48E-08,4.99E-01,,
3.50E-07,-1.97E-03,3.48E-08,4.99E-01,,
3.00E-07,-1.97E-03,3.48E-08,4.99E-01,,
4.00E-07,-1.97E-03,3.48E-08,4.99E-01,,
3.50E-07,-1.97E-03,3.48E-08,4.99E-01,,
3.00E-07,-1.97E-03,3.48E-08,4.99E-01,,
4.00E-07,-1.98E-03,3.49E-08,4.99E-01,,
3.50E-07,-1.98E-03,3.49E-08,4.99E-01,,
3.50E-07,-1.98E-03,3.48E-08,4.99E-01,,
3.00E-07,-1.98E-03,3.49E-08,4.99E-01,,
3.00E-07,-1.98E-03,3.48E-08,4.99E-01,,
3.00E-07,-1.98E-03,3.48E-08,4.99E-01,,
4.00E-07,-1.98E-03,3.49E-08,4.99E-01,,
3.50E-07,-1.98E-03,3.49E-08,4.99E-01,,
3.50E-07,-1.98E-03,3.49E-08,4.99E-01,,
3.00E-07,-1.98E-03,3.50E-08,4.99E-01,,
3.00E-07,-1.98E-03,3.49E-08,4.99E-01,,
3.00E-07,-1.98E-03,3.49E-08,4.99E-01,,
3.00E-07,-1.98E-03,3.49E-08,4.99E-01,,
3.50E-07,-1.98E-03,3.49E-08,4.99E-01,,
3.50E-07,-1.98E-03,3.49E-08,4.99E-01,,
4.00E-07,-1.98E-03,3.49E-08,4.99E-01,,
4.00E-07,-1.98E-03,3.49E-08,4.99E-01,,
4.00E-07,-1.98E-03,3.49E-08,4.99E-01,,
4.00E-07,-1.98E-03,3.49E-08,4.99E-01,,
4.00E-07,-1.98E-03,3.49E-08,4.99E-01,,
3.50E-07,-1.98E-03,3.49E-08,4.99E-01,,
4.00E-07,-1.98E-03,3.49E-08,4.99E-01,,
3.50E-07,-1.98E-03,3.49E-08,4.99E-01,,
3.00E-07,-1.98E-03,3.49E-08,4.99E-01,,
4.00E-07,-1.98E-03,3.49E-08,4.99E-01,,
3.50E-07,-1.98E-03,3.49E-08,4.99E-01,,
4.00E-07,-1.98E-03,3.49E-08,4.99E-01,,
3.00E-07,-1.98E-03,3.49E-08,4.99E-01,,
3.50E-07,-1.98E-03,3.49E-08,4.99E-01,,
4.00E-07,-1.98E-03,3.49E-08,4.99E-01,,
4.00E-07,-1.98E-03,3.50E-08,4.99E-01,,
3.50E-07,-1.98E-03,3.50E-08,4.99E-01,,
4.00E-07,-1.98E-03,3.49E-08,4.99E-01,,
3.00E-07,-1.98E-03,3.50E-08,4.99E-01,,
3.50E-07,-1.98E-03,3.49E-08,4.99E-01,,
4.00E-07,-1.98E-03,3.49E-08,4.99E-01,,
4.00E-07,-1.98E-03,3.49E-08,4.99E-01,,
3.50E-07,-1.98E-03,3.49E-08,4.99E-01,,
3.50E-07,-1.98E-03,3.49E-08,4.99E-01,,
3.00E-07,-1.98E-03,3.49E-08,4.99E-01,,
3.00E-07,-1.98E-03,3.49E-08,4.99E-01,,
3.00E-07,-1.98E-03,3.49E-08,4.99E-01,,
4.00E-07,-1.98E-03,3.49E-08,4.99E-01,,
3.50E-07,-1.98E-03,3.49E-08,4.99E-01,,
4.00E-07,-1.98E-03,3.49E-08,4.99E-01,,
3.00E-07,-1.98E-03,3.49E-08,4.99E-01,,
3.50E-07,-1.98E-03,3.49E-08,4.99E-01,,
4.00E-07,-1.98E-03,3.49E-08,4.99E-01,,
3.00E-07,-1.98E-03,3.49E-08,4.99E-01,,
3.50E-07,-1.98E-03,3.49E-08,4.99E-01,,
3.00E-07,-1.98E-03,3.49E-08,4.99E-01,,
4.00E-07,-1.98E-03,3.49E-08,4.99E-01,,
3.50E-07,-1.98E-03,3.49E-08,4.99E-01,,
3.00E-07,-1.98E-03,3.49E-08,4.99E-01,,
3.00E-07,-1.98E-03,3.49E-08,4.99E-01,,
3.00E-07,-1.98E-03,3.49E-08,4.99E-01,,
3.50E-07,-1.98E-03,3.49E-08,4.99E-01,,
3.00E-07,-1.98E-03,3.49E-08,4.99E-01,,
3.50E-07,-1.98E-03,3.49E-08,4.99E-01,,
4.00E-07,-1.98E-03,3.49E-08,4.99E-01,,
4.00E-07,-1.98E-03,3.49E-08,4.99E-01,,
3.50E-07,-1.98E-03,3.49E-08,4.99E-01,,
4.00E-07,-1.98E-03,3.49E-08,4.99E-01,,
3.00E-07,-1.98E-03,3.49E-08,4.99E-01,,
3.50E-07,-1.98E-03,3.49E-08,4.99E-01,,
4.00E-07,-1.98E-03,3.49E-08,4.99E-01,,
4.00E-07,-1.98E-03,3.50E-08,4.99E-01,,
3.50E-07,-1.98E-03,3.50E-08,4.99E-01,,
3.50E-07,-1.98E-03,3.50E-08,4.99E-01,,
3.00E-07,-1.98E-03,3.50E-08,4.99E-01,,
3.00E-07,-1.98E-03,3.50E-08,4.99E-01,,
3.00E-07,-1.98E-03,3.50E-08,4.99E-01,,
4.00E-07,-1.98E-03,3.50E-08,4.99E-01,,
3.50E-07,-1.98E-03,3.50E-08,4.99E-01,,
4.00E-07,-1.98E-03,3.50E-08,4.99E-01,,
3.00E-07,-1.98E-03,3.50E-08,4.99E-01,,
3.50E-07,-1.98E-03,3.50E-08,4.99E-01,,
4.00E-07,-1.98E-03,3.50E-08,4.99E-01,,
4.00E-07,-1.98E-03,3.50E-08,4.99E-01,,
3.50E-07,-1.98E-03,3.50E-08,4.99E-01,,
3.50E-07,-1.98E-03,3.50E-08,4.99E-01,,
3.00E-07,-1.98E-03,3.50E-08,4.99E-01,,
3.00E-07,-1.98E-03,3.50E-08,4.99E-01,,
3.00E-07,-1.98E-03,3.50E-08,4.99E-01,,
4.00E-07,-1.98E-03,3.50E-08,4.99E-01,,
3.50E-07,-1.98E-03,3.50E-08,4.99E-01,,
4.00E-07,-1.98E-03,3.50E-08,4.99E-01,,
3.00E-07,-1.98E-03,3.50E-08,4.99E-01,,
3.50E-07,-1.98E-03,3.50E-08,4.99E-01,,
4.00E-07,-1.98E-03,3.50E-08,4.99E-01,,
4.00E-07,-1.98E-03,3.51E-08,4.99E-01,,
3.50E-07,-1.98E-03,3.51E-08,4.99E-01,,
3.50E-07,-1.98E-03,3.51E-08,4.99E-01,,
3.00E-07,-1.99E-03,3.51E-08,4.99E-01,,
3.00E-07,-1.98E-03,3.51E-08,4.99E-01,,
3.00E-07,-1.98E-03,3.51E-08,4.99E-01,,
4.00E-07,-1.99E-03,3.51E-08,4.99E-01,,
3.50E-07,-1.99E-03,3.51E-08,4.99E-01,,
4.00E-07,-1.98E-03,3.51E-08,4.99E-01,,
3.00E-07,-1.99E-03,3.51E-08,4.99E-01,,
3.50E-07,-1.98E-03,3.51E-08,4.99E-01,,
4.00E-07,-1.98E-03,3.51E-08,4.99E-01,,
4.00E-07,-1.98E-03,3.51E-08,4.99E-01,,
3.50E-07,-1.98E-03,3.51E-08,4.99E-01,,
3.50E-07,-1.98E-03,3.50E-08,4.99E-01,,
3.00E-07,-1.98E-03,3.51E-08,4.99E-01,,
3.00E-07,-1.98E-03,3.50E-08,4.99E-01,,
3.00E-07,-1.98E-03,3.50E-08,4.99E-01,,
4.00E-07,-1.98E-03,3.51E-08,4.99E-01,,
3.50E-07,-1.98E-03,3.50E-08,4.99E-01,,
4.00E-07,-1.98E-03,3.50E-08,4.99E-01,,
3.00E-07,-1.98E-03,3.50E-08,4.99E-01,,
3.50E-07,-1.98E-03,3.50E-08,4.99E-01,,
4.00E-07,-1.98E-03,3.50E-08,4.99E-01,,
4.00E-07,-1.98E-03,3.50E-08,4.99E-01,,
3.50E-07,-1.98E-03,3.50E-08,4.99E-01,,
4.00E-07,-1.98E-03,3.50E-08,4.99E-01,,
3.00E-07,-1.98E-03,3.50E-08,4.99E-01,,
3.50E-07,-1.98E-03,3.50E-08,4.99E-01,,
4.00E-07,-1.98E-03,3.50E-08,4.99E-01,,
4.00E-07,-1.98E-03,3.50E-08,4.99E-01,,
3.50E-07,-1.98E-03,3.50E-08,4.99E-01,,
3.50E-07,-1.98E-03,3.50E-08,4.99E-01,,
3.00E-07,-1.98E-03,3.50E-08,4.99E-01,,
3.00E-07,-1.98E-03,3.50E-08,4.99E-01,,
3.00E-07,-1.98E-03,3.50E-08,4.99E-01,,
4.00E-07,-1.99E-03,3.53E-08,4.99E-01,,
3.50E-07,-1.99E-03,3.53E-08,4.99E-01,,
4.00E-07,-1.99E-03,3.53E-08,4.99E-01,,
3.00E-07,-1.99E-03,3.53E-08,4.99E-01,,
3.50E-07,-1.99E-03,3.53E-08,4.99E-01,,
4.00E-07,-1.99E-03,3.53E-08,4.99E-01,,
4.00E-07,-1.99E-03,3.53E-08,4.99E-01,,
3.50E-07,-1.99E-03,3.53E-08,4.99E-01,,
3.50E-07,-1.99E-03,3.52E-08,4.99E-01,,
3.00E-07,-1.99E-03,3.53E-08,4.99E-01,,
3.00E-07,-1.99E-03,3.53E-08,4.99E-01,,
3.00E-07,-1.99E-03,3.52E-08,4.99E-01,,
4.00E-07,-1.99E-03,3.53E-08,4.99E-01,,
3.50E-07,-1.99E-03,3.52E-08,4.99E-01,,
4.00E-07,-1.99E-03,3.52E-08,4.99E-01,,
3.00E-07,-1.99E-03,3.52E-08,4.99E-01,,
3.50E-07,-1.99E-03,3.52E-08,4.99E-01,,
4.00E-07,-1.99E-03,3.52E-08,4.99E-01,,
4.00E-07,-1.99E-03,3.52E-08,4.99E-01,,
3.50E-07,-1.99E-03,3.52E-08,4.99E-01,,
4.00E-07,-1.99E-03,3.52E-08,4.99E-01,,
3.00E-07,-1.99E-03,3.52E-08,4.99E-01,,
3.50E-07,-1.99E-03,3.52E-08,4.99E-01,,
4.00E-07,-1.99E-03,3.52E-08,4.99E-01,,
3.00E-07,-1.99E-03,3.51E-08,4.99E-01,,
3.50E-07,-1.99E-03,3.51E-08,4.99E-01,,
3.00E-07,-1.99E-03,3.52E-08,4.99E-01,,
4.00E-07,-1.99E-03,3.52E-08,4.99E-01,,
3.50E-07,-1.99E-03,3.52E-08,4.99E-01,,
3.00E-07,-1.99E-03,3.52E-08,4.99E-01,,
3.00E-07,-1.99E-03,3.52E-08,4.99E-01,,
3.00E-07,-1.99E-03,3.52E-08,4.99E-01,,
3.50E-07,-1.99E-03,3.52E-08,4.99E-01,,
3.00E-07,-1.99E-03,3.52E-08,4.99E-01,,
3.50E-07,-1.99E-03,3.52E-08,4.99E-01,,
4.00E-07,-1.99E-03,3.52E-08,4.99E-01,,
4.00E-07,-1.99E-03,3.51E-08,4.99E-01,,
3.50E-07,-1.99E-03,3.51E-08,4.99E-01,,
3.50E-07,-1.99E-03,3.51E-08,4.99E-01,,
3.00E-07,-1.99E-03,3.51E-08,4.99E-01,,
3.00E-07,-1.99E-03,3.51E-08,4.99E-01,,
3.00E-07,-1.99E-03,3.51E-08,4.99E-01,,
3.00E-07,-1.99E-03,3.51E-08,4.99E-01,,
3.50E-07,-1.99E-03,3.51E-08,4.99E-01,,
3.50E-07,-1.99E-03,3.51E-08,4.99E-01,,
4.00E-07,-1.99E-03,3.51E-08,4.99E-01,,
4.00E-07,-1.99E-03,3.51E-08,4.99E-01,,
4.00E-07,-1.99E-03,3.52E-08,4.99E-01,,
4.00E-07,-1.99E-03,3.56E-08,4.99E-01,,
3.50E-07,-1.99E-03,3.55E-08,4.99E-01,,
4.00E-07,-1.99E-03,3.55E-08,4.99E-01,,
3.00E-07,-1.99E-03,3.55E-08,4.99E-01,,
3.50E-07,-1.99E-03,3.55E-08,4.99E-01,,
4.00E-07,-1.99E-03,3.55E-08,4.99E-01,,
3.00E-07,-1.99E-03,3.55E-08,4.99E-01,,
3.50E-07,-1.99E-03,3.55E-08,4.99E-01,,
3.00E-07,-1.99E-03,3.55E-08,4.99E-01,,
4.00E-07,-1.99E-03,3.56E-08,4.99E-01,,
3.50E-07,-1.99E-03,3.56E-08,4.99E-01,,
3.00E-07,-1.99E-03,3.56E-08,4.99E-01,,
3.00E-07,-1.99E-03,3.55E-08,4.99E-01,,
3.00E-07,-1.99E-03,3.54E-08,4.99E-01,,
3.50E-07,-1.99E-03,3.55E-08,4.99E-01,,
3.00E-07,-1.99E-03,3.54E-08,4.99E-01,,
3.50E-07,-1.99E-03,3.54E-08,4.99E-01,,
4.00E-07,-1.99E-03,3.55E-08,4.99E-01,,
4.00E-07,-1.99E-03,3.55E-08,4.99E-01,,
3.50E-07,-1.99E-03,3.54E-08,4.99E-01,,
4.00E-07,-1.99E-03,3.54E-08,4.99E-01,,
3.00E-07,-1.99E-03,3.54E-08,4.99E-01,,
3.50E-07,-1.99E-03,3.54E-08,4.99E-01,,
4.00E-07,-1.99E-03,3.54E-08,4.99E-01,,
4.00E-07,-1.99E-03,3.55E-08,4.99E-01,,
3.50E-07,-1.99E-03,3.55E-08,4.99E-01,,
3.50E-07,-1.99E-03,3.55E-08,4.99E-01,,
3.00E-07,-1.99E-03,3.55E-08,4.99E-01,,
3.00E-07,-1.99E-03,3.55E-08,4.99E-01,,
3.00E-07,-1.99E-03,3.55E-08,4.99E-01,,
3.00E-07,-1.99E-03,3.55E-08,4.99E-01,,
3.50E-07,-1.99E-03,3.55E-08,4.99E-01,,
3.50E-07,-1.99E-03,3.55E-08,4.99E-01,,
4.00E-07,-1.99E-03,3.55E-08,4.99E-01,,
4.00E-07,-1.99E-03,3.55E-08,4.99E-01,,
4.00E-07,-1.99E-03,3.55E-08,4.99E-01,,
3.00E-07,-1.99E-03,3.53E-08,4.99E-01,,
3.50E-07,-1.99E-03,3.53E-08,4.99E-01,,
3.00E-07,-1.99E-03,3.53E-08,4.99E-01,,
4.00E-07,-1.99E-03,3.53E-08,4.99E-01,,
3.50E-07,-1.99E-03,3.53E-08,4.99E-01,,
3.00E-07,-1.99E-03,3.53E-08,4.99E-01,,
4.00E-07,-1.99E-03,3.53E-08,4.99E-01,,
3.50E-07,-1.99E-03,3.53E-08,4.99E-01,,
4.00E-07,-1.99E-03,3.53E-08,4.99E-01,,
3.00E-07,-1.99E-03,3.53E-08,4.99E-01,,
3.50E-07,-1.99E-03,3.53E-08,4.99E-01,,
4.00E-07,-1.99E-03,3.53E-08,4.99E-01,,
3.00E-07,-1.99E-03,3.53E-08,4.99E-01,,
3.50E-07,-1.99E-03,3.54E-08,4.99E-01,,
3.00E-07,-1.99E-03,3.54E-08,4.99E-01,,
4.00E-07,-1.99E-03,3.54E-08,4.99E-01,,
3.50E-07,-1.99E-03,3.54E-08,4.99E-01,,
3.00E-07,-1.99E-03,3.54E-08,4.99E-01,,
3.00E-07,-1.99E-03,3.53E-08,4.99E-01,,
3.50E-07,-1.99E-03,3.53E-08,4.99E-01,,
3.50E-07,-1.99E-03,3.54E-08,4.99E-01,,
4.00E-07,-1.99E-03,3.53E-08,4.99E-01,,
4.00E-07,-1.99E-03,3.54E-08,4.99E-01,,
4.00E-07,-1.99E-03,3.54E-08,4.99E-01,,
4.00E-07,-2.00E-03,3.60E-08,4.99E-01,,
3.50E-07,-2.00E-03,3.60E-08,4.99E-01,,
3.50E-07,-2.00E-03,3.60E-08,4.99E-01,,
3.00E-07,-2.00E-03,3.60E-08,4.99E-01,,
3.00E-07,-2.00E-03,3.60E-08,4.99E-01,,
3.00E-07,-2.00E-03,3.59E-08,4.99E-01,,
3.00E-07,-2.00E-03,3.58E-08,4.99E-01,,
3.50E-07,-1.99E-03,3.57E-08,4.99E-01,,
3.50E-07,-2.00E-03,3.58E-08,4.99E-01,,
4.00E-07,-1.99E-03,3.57E-08,4.99E-01,,
4.00E-07,-1.99E-03,3.57E-08,4.99E-01,,
4.00E-07,-2.00E-03,3.58E-08,4.99E-01,,
3.00E-07,-2.00E-03,3.59E-08,4.99E-01,,
3.50E-07,-2.00E-03,3.59E-08,4.99E-01,,
3.00E-07,-2.00E-03,3.59E-08,4.99E-01,,
4.00E-07,-2.00E-03,3.59E-08,4.99E-01,,
3.50E-07,-2.00E-03,3.59E-08,4.99E-01,,
3.00E-07,-2.00E-03,3.59E-08,4.99E-01,,
3.00E-07,-1.99E-03,3.56E-08,4.99E-01,,
3.50E-07,-1.99E-03,3.56E-08,4.99E-01,,
3.00E-07,-1.99E-03,3.57E-08,4.99E-01,,
4.00E-07,-1.99E-03,3.57E-08,4.99E-01,,
3.50E-07,-1.99E-03,3.57E-08,4.99E-01,,
3.00E-07,-2.00E-03,3.58E-08,4.99E-01,,
4.00E-07,-2.00E-03,3.60E-08,4.99E-01,,
3.50E-07,-2.00E-03,3.60E-08,4.99E-01,,
4.00E-07,-2.00E-03,3.59E-08,4.99E-01,,
3.00E-07,-2.00E-03,3.59E-08,4.99E-01,,
3.50E-07,-2.00E-03,3.59E-08,4.99E-01,,
4.00E-07,-2.00E-03,3.59E-08,4.99E-01,,
3.00E-07,-1.99E-03,3.56E-08,4.99E-01,,
3.00E-07,-1.99E-03,3.56E-08,4.99E-01,,
3.50E-07,-1.99E-03,3.56E-08,4.99E-01,,
3.00E-07,-1.99E-03,3.56E-08,4.99E-01,,
3.50E-07,-1.99E-03,3.56E-08,4.99E-01,,
4.00E-07,-1.99E-03,3.56E-08,4.99E-01,,
4.00E-07,-1.99E-03,3.56E-08,4.99E-01,,
4.00E-07,-1.99E-03,3.56E-08,4.99E-01,,
3.50E-07,-1.99E-03,3.56E-08,4.99E-01,,
4.00E-07,-1.99E-03,3.57E-08,4.99E-01,,
3.50E-07,-1.99E-03,3.56E-08,4.99E-01,,
3.00E-07,-1.99E-03,3.56E-08,4.99E-01,,
3.00E-07,-2.00E-03,3.59E-08,4.99E-01,,
3.50E-07,-2.00E-03,3.58E-08,4.99E-01,,
3.50E-07,-2.00E-03,3.59E-08,4.99E-01,,
4.00E-07,-2.00E-03,3.58E-08,4.99E-01,,
4.00E-07,-2.00E-03,3.58E-08,4.99E-01,,
4.00E-07,-2.00E-03,3.59E-08,4.99E-01,,
3.00E-07,-2.00E-03,3.59E-08,4.99E-01,,
3.00E-07,-2.00E-03,3.58E-08,4.99E-01,,
3.50E-07,-2.00E-03,3.58E-08,4.99E-01,,
3.00E-07,-2.00E-03,3.58E-08,4.99E-01,,
3.50E-07,-2.00E-03,3.58E-08,4.99E-01,,
4.00E-07,-2.00E-03,3.58E-08,4.99E-01,,
4.00E-07,-2.00E-03,3.60E-08,4.99E-01,,
3.50E-07,-2.00E-03,3.60E-08,4.99E-01,,
3.50E-07,-2.00E-03,3.60E-08,4.99E-01,,
3.00E-07,-2.00E-03,3.61E-08,4.99E-01,,
3.00E-07,-2.00E-03,3.60E-08,4.99E-01,,
3.00E-07,-2.00E-03,3.60E-08,4.99E-01,,
4.00E-07,-2.00E-03,3.61E-08,4.99E-01,,
3.50E-07,-2.00E-03,3.61E-08,4.99E-01,,
4.00E-07,-2.00E-03,3.61E-08,4.99E-01,,
3.00E-07,-2.00E-03,3.61E-08,4.99E-01,,
3.50E-07,-2.00E-03,3.60E-08,4.99E-01,,
4.00E-07,-2.00E-03,3.60E-08,4.99E-01,,
3.00E-07,-2.00E-03,3.61E-08,4.99E-01,,
3.50E-07,-2.00E-03,3.61E-08,4.99E-01,,
3.00E-07,-2.00E-03,3.62E-08,4.99E-01,,
4.00E-07,-2.00E-03,3.61E-08,4.99E-01,,
3.50E-07,-2.00E-03,3.62E-08,4.99E-01,,
3.00E-07,-2.00E-03,3.62E-08,4.99E-01,,
4.00E-07,-2.00E-03,3.61E-08,4.99E-01,,
4.00E-07,-2.00E-03,3.62E-08,4.99E-01,,
3.50E-07,-2.00E-03,3.62E-08,4.99E-01,,
4.00E-07,-2.00E-03,3.63E-08,4.99E-01,,
3.50E-07,-2.00E-03,3.62E-08,4.99E-01,,
3.00E-07,-2.00E-03,3.62E-08,4.99E-01,,
4.00E-07,-2.00E-03,3.63E-08,4.99E-01,,
3.50E-07,-2.00E-03,3.63E-08,4.99E-01,,
3.50E-07,-2.00E-03,3.62E-08,4.99E-01,,
3.00E-07,-2.00E-03,3.63E-08,4.99E-01,,
3.00E-07,-2.00E-03,3.63E-08,4.99E-01,,
3.00E-07,-2.00E-03,3.62E-08,4.99E-01,,
4.00E-07,-2.00E-03,3.65E-08,4.99E-01,,
3.50E-07,-2.00E-03,3.64E-08,4.99E-01,,
4.00E-07,-2.00E-03,3.64E-08,4.99E-01,,
3.00E-07,-2.00E-03,3.63E-08,4.99E-01,,
3.50E-07,-2.00E-03,3.63E-08,4.99E-01,,
4.00E-07,-2.00E-03,3.63E-08,4.99E-01,,
4.00E-07,-2.00E-03,3.65E-08,4.99E-01,,
3.50E-07,-2.00E-03,3.65E-08,4.99E-01,,
3.50E-07,-2.00E-03,3.64E-08,4.99E-01,,
3.00E-07,-2.00E-03,3.65E-08,4.99E-01,,
3.00E-07,-2.00E-03,3.64E-08,4.99E-01,,
3.00E-07,-2.00E-03,3.63E-08,4.99E-01,,
4.00E-07,-2.01E-03,3.73E-08,4.99E-01,,
3.50E-07,-2.01E-03,3.72E-08,4.99E-01,,
4.00E-07,-2.01E-03,3.72E-08,4.99E-01,,
3.00E-07,-2.00E-03,3.71E-08,4.99E-01,,
3.50E-07,-2.00E-03,3.71E-08,4.99E-01,,
4.00E-07,-2.00E-03,3.71E-08,4.99E-01,,
3.00E-07,-2.00E-03,3.71E-08,4.99E-01,,
3.50E-07,-2.01E-03,3.72E-08,4.99E-01,,
3.00E-07,-2.01E-03,3.72E-08,4.99E-01,,
4.00E-07,-2.01E-03,3.73E-08,4.99E-01,,
3.50E-07,-2.01E-03,3.73E-08,4.99E-01,,
3.00E-07,-2.01E-03,3.73E-08,4.99E-01,,
4.00E-07,-2.00E-03,3.69E-08,4.99E-01,,
3.50E-07,-2.00E-03,3.69E-08,4.99E-01,,
4.00E-07,-2.00E-03,3.68E-08,4.99E-01,,
3.00E-07,-2.00E-03,3.69E-08,4.99E-01,,
3.50E-07,-2.00E-03,3.68E-08,4.99E-01,,
4.00E-07,-2.00E-03,3.67E-08,4.99E-01,,
3.00E-07,-2.00E-03,3.67E-08,4.99E-01,,
3.50E-07,-2.00E-03,3.67E-08,4.99E-01,,
3.00E-07,-2.00E-03,3.68E-08,4.99E-01,,
4.00E-07,-2.00E-03,3.67E-08,4.99E-01,,
3.50E-07,-2.00E-03,3.68E-08,4.99E-01,,
3.00E-07,-2.00E-03,3.69E-08,4.99E-01,,
3.00E-07,-2.00E-03,3.67E-08,4.99E-01,,
3.00E-07,-2.00E-03,3.66E-08,4.99E-01,,
3.50E-07,-2.00E-03,3.66E-08,4.99E-01,,
3.00E-07,-2.00E-03,3.65E-08,4.99E-01,,
3.50E-07,-2.00E-03,3.65E-08,4.99E-01,,
4.00E-07,-2.00E-03,3.65E-08,4.99E-01,,
4.00E-07,-2.00E-03,3.67E-08,4.99E-01,,
3.50E-07,-2.00E-03,3.67E-08,4.99E-01,,
4.00E-07,-2.00E-03,3.66E-08,4.99E-01,,
3.00E-07,-2.00E-03,3.67E-08,4.99E-01,,
3.50E-07,-2.00E-03,3.66E-08,4.99E-01,,
4.00E-07,-2.00E-03,3.65E-08,4.99E-01,,
4.00E-07,-2.00E-03,3.69E-08,4.99E-01,,
4.00E-07,-2.00E-03,3.70E-08,4.99E-01,,
3.50E-07,-2.00E-03,3.70E-08,4.99E-01,,
4.00E-07,-2.00E-03,3.71E-08,4.99E-01,,
3.50E-07,-2.00E-03,3.71E-08,4.99E-01,,
3.00E-07,-2.00E-03,3.71E-08,4.99E-01,,
3.00E-07,-2.00E-03,3.71E-08,4.99E-01,,
3.00E-07,-2.00E-03,3.70E-08,4.99E-01,,
3.50E-07,-2.00E-03,3.70E-08,4.99E-01,,
3.00E-07,-2.00E-03,3.69E-08,4.99E-01,,
3.50E-07,-2.00E-03,3.69E-08,4.99E-01,,
4.00E-07,-2.00E-03,3.69E-08,4.99E-01,,
3.00E-07,-2.01E-03,3.81E-08,4.99E-01,,
3.50E-07,-2.01E-03,3.82E-08,4.99E-01,,
3.00E-07,-2.01E-03,3.83E-08,4.99E-01,,
4.00E-07,-2.01E-03,3.82E-08,4.99E-01,,
3.50E-07,-2.01E-03,3.83E-08,4.99E-01,,
3.00E-07,-2.01E-03,3.85E-08,4.99E-01,,
3.00E-07,-2.01E-03,3.75E-08,4.99E-01,,
3.50E-07,-2.01E-03,3.74E-08,4.99E-01,,
3.50E-07,-2.01E-03,3.76E-08,4.99E-01,,
4.00E-07,-2.01E-03,3.73E-08,4.99E-01,,
4.00E-07,-2.01E-03,3.75E-08,4.99E-01,,
4.00E-07,-2.01E-03,3.77E-08,4.99E-01,,
3.00E-07,-2.01E-03,3.85E-08,4.99E-01,,
3.50E-07,-2.01E-03,3.83E-08,4.99E-01,,
3.50E-07,-2.01E-03,3.85E-08,4.99E-01,,
4.00E-07,-2.01E-03,3.82E-08,4.99E-01,,
4.00E-07,-2.01E-03,3.83E-08,4.99E-01,,
4.00E-07,-2.01E-03,3.85E-08,4.99E-01,,
3.00E-07,-2.01E-03,3.78E-08,4.99E-01,,
3.00E-07,-2.01E-03,3.77E-08,4.99E-01,,
3.50E-07,-2.01E-03,3.78E-08,4.99E-01,,
3.00E-07,-2.01E-03,3.75E-08,4.99E-01,,
3.50E-07,-2.01E-03,3.76E-08,4.99E-01,,
4.00E-07,-2.01E-03,3.77E-08,4.99E-01,,
3.00E-07,-2.01E-03,3.75E-08,4.99E-01,,
3.00E-07,-2.01E-03,3.74E-08,4.99E-01,,
3.50E-07,-2.01E-03,3.74E-08,4.99E-01,,
3.00E-07,-2.01E-03,3.73E-08,4.99E-01,,
3.50E-07,-2.01E-03,3.73E-08,4.99E-01,,
4.00E-07,-2.01E-03,3.73E-08,4.99E-01,,
3.00E-07,-2.01E-03,3.78E-08,4.99E-01,,
3.50E-07,-2.01E-03,3.80E-08,4.99E-01,,
3.00E-07,-2.01E-03,3.80E-08,4.99E-01,,
4.00E-07,-2.01E-03,3.82E-08,4.99E-01,,
3.50E-07,-2.01E-03,3.82E-08,4.99E-01,,
3.00E-07,-2.01E-03,3.81E-08,4.99E-01,,
3.00E-07,-2.01E-03,3.78E-08,4.99E-01,,
3.50E-07,-2.01E-03,3.78E-08,4.99E-01,,
3.50E-07,-2.01E-03,3.80E-08,4.99E-01,,
4.00E-07,-2.01E-03,3.77E-08,4.99E-01,,
4.00E-07,-2.01E-03,3.80E-08,4.99E-01,,
4.00E-07,-2.01E-03,3.82E-08,4.99E-01,,
3.00E-07,-2.01E-03,4.01E-08,4.99E-01,,
3.00E-07,-2.01E-03,3.97E-08,4.99E-01,,
3.50E-07,-2.01E-03,3.99E-08,4.99E-01,,
3.00E-07,-2.01E-03,3.93E-08,4.99E-01,,
3.50E-07,-2.01E-03,3.95E-08,4.99E-01,,
4.00E-07,-2.01E-03,3.96E-08,4.99E-01,,
4.00E-07,-2.01E-03,3.96E-08,4.99E-01,,
4.00E-07,-2.01E-03,3.99E-08,4.99E-01,,
3.50E-07,-2.01E-03,3.99E-08,4.99E-01,,
4.00E-07,-2.01E-03,4.01E-08,4.99E-01,,
3.50E-07,-2.01E-03,4.01E-08,4.99E-01,,
3.00E-07,-2.01E-03,4.01E-08,4.99E-01,,
3.00E-07,-2.01E-03,3.93E-08,4.99E-01,,
3.00E-07,-2.01E-03,3.92E-08,4.99E-01,,
3.50E-07,-2.01E-03,3.92E-08,4.99E-01,,
3.00E-07,-2.01E-03,3.90E-08,4.99E-01,,
3.50E-07,-2.01E-03,3.90E-08,4.99E-01,,
4.00E-07,-2.01E-03,3.90E-08,4.99E-01,,
4.00E-07,-2.01E-03,3.96E-08,4.99E-01,,
3.50E-07,-2.01E-03,3.95E-08,4.99E-01,,
4.00E-07,-2.01E-03,3.93E-08,4.99E-01,,
3.00E-07,-2.01E-03,3.93E-08,4.99E-01,,
3.50E-07,-2.01E-03,3.92E-08,4.99E-01,,
4.00E-07,-2.01E-03,3.90E-08,4.99E-01,,
3.00E-07,-2.01E-03,3.85E-08,4.99E-01,,
3.50E-07,-2.01E-03,3.86E-08,4.99E-01,,
3.00E-07,-2.01E-03,3.86E-08,4.99E-01,,
4.00E-07,-2.01E-03,3.86E-08,4.99E-01,,
3.50E-07,-2.01E-03,3.86E-08,4.99E-01,,
3.00E-07,-2.01E-03,3.86E-08,4.99E-01,,
4.00E-07,-2.01E-03,3.85E-08,4.99E-01,,
4.00E-07,-2.01E-03,3.86E-08,4.99E-01,,
3.50E-07,-2.01E-03,3.85E-08,4.99E-01,,
4.00E-07,-2.01E-03,3.86E-08,4.99E-01,,
3.50E-07,-2.01E-03,3.86E-08,4.99E-01,,
3.00E-07,-2.01E-03,3.85E-08,4.99E-01,,
3.00E-07,-2.01E-03,3.86E-08,4.99E-01,,
3.50E-07,-2.01E-03,3.86E-08,4.99E-01,,
3.00E-07,-2.01E-03,3.88E-08,4.99E-01,,
4.00E-07,-2.01E-03,3.86E-08,4.99E-01,,
3.50E-07,-2.01E-03,3.88E-08,4.99E-01,,
3.00E-07,-2.01E-03,3.90E-08,4.99E-01,,
4.00E-07,-2.01E-03,3.90E-08,4.99E-01,,
3.50E-07,-2.01E-03,3.90E-08,4.99E-01,,
4.00E-07,-2.01E-03,3.88E-08,4.99E-01,,
3.00E-07,-2.01E-03,3.90E-08,4.99E-01,,
3.50E-07,-2.01E-03,3.88E-08,4.99E-01,,
4.00E-07,-2.01E-03,3.86E-08,4.99E-01,,
4.00E-07,-2.02E-03,4.25E-08,4.99E-01,,
3.50E-07,-2.02E-03,4.25E-08,4.99E-01,,
3.50E-07,-2.02E-03,4.21E-08,4.99E-01,,
3.00E-07,-2.02E-03,4.25E-08,4.99E-01,,
3.00E-07,-2.02E-03,4.21E-08,4.99E-01,,
3.00E-07,-2.02E-03,4.17E-08,4.99E-01,,
4.00E-07,-2.02E-03,4.13E-08,4.99E-01,,
4.00E-07,-2.02E-03,4.19E-08,4.99E-01,,
3.50E-07,-2.02E-03,4.15E-08,4.99E-01,,
4.00E-07,-2.02E-03,4.25E-08,4.99E-01,,
3.50E-07,-2.02E-03,4.21E-08,4.99E-01,,
3.00E-07,-2.02E-03,4.17E-08,4.99E-01,,
4.00E-07,-2.01E-03,4.01E-08,4.99E-01,,
3.50E-07,-2.01E-03,4.05E-08,4.99E-01,,
3.50E-07,-2.01E-03,4.01E-08,4.99E-01,,
3.00E-07,-2.02E-03,4.09E-08,4.99E-01,,
3.00E-07,-2.01E-03,4.05E-08,4.99E-01,,
3.00E-07,-2.01E-03,4.01E-08,4.99E-01,,
4.00E-07,-2.02E-03,4.13E-08,4.99E-01,,
3.50E-07,-2.02E-03,4.15E-08,4.99E-01,,
3.50E-07,-2.02E-03,4.11E-08,4.99E-01,,
3.00E-07,-2.02E-03,4.17E-08,4.99E-01,,
3.00E-07,-2.02E-03,4.13E-08,4.99E-01,,
3.00E-07,-2.02E-03,4.09E-08,4.99E-01,,
3.00E-07,-2.02E-03,4.09E-08,4.99E-01,,
3.50E-07,-2.01E-03,4.05E-08,4.99E-01,,
3.50E-07,-2.02E-03,4.11E-08,4.99E-01,,
4.00E-07,-2.01E-03,4.01E-08,4.99E-01,,
4.00E-07,-2.01E-03,4.07E-08,4.99E-01,,
4.00E-07,-2.02E-03,4.13E-08,4.99E-01,,
4.00E-07,-2.02E-03,4.29E-08,4.99E-01,,
3.50E-07,-2.02E-03,4.29E-08,4.99E-01,,
3.50E-07,-2.02E-03,4.27E-08,4.99E-01,,
3.00E-07,-2.02E-03,4.29E-08,4.99E-01,,
3.00E-07,-2.02E-03,4.27E-08,4.99E-01,,
3.00E-07,-2.02E-03,4.25E-08,4.99E-01,,
4.00E-07,-2.02E-03,4.25E-08,4.99E-01,,
4.00E-07,-2.02E-03,4.27E-08,4.99E-01,,
3.50E-07,-2.02E-03,4.25E-08,4.99E-01,,
4.00E-07,-2.02E-03,4.29E-08,4.99E-01,,
3.50E-07,-2.02E-03,4.27E-08,4.99E-01,,
3.00E-07,-2.02E-03,4.25E-08,4.99E-01,,
4.00E-07,-2.02E-03,4.41E-08,4.99E-01,,
3.50E-07,-2.02E-03,4.35E-08,4.99E-01,,
4.00E-07,-2.02E-03,4.35E-08,4.99E-01,,
3.00E-07,-2.02E-03,4.29E-08,4.99E-01,,
3.50E-07,-2.02E-03,4.29E-08,4.99E-01,,
4.00E-07,-2.02E-03,4.29E-08,4.99E-01,,
4.00E-07,-2.02E-03,4.41E-08,4.99E-01,,
3.50E-07,-2.02E-03,4.46E-08,4.99E-01,,
3.50E-07,-2.02E-03,4.35E-08,4.99E-01,,
3.00E-07,-2.02E-03,4.51E-08,4.99E-01,,
3.00E-07,-2.02E-03,4.40E-08,4.99E-01,,
3.00E-07,-2.02E-03,4.29E-08,4.99E-01,,
4.00E-07,-2.02E-03,4.41E-08,4.99E-01,,
4.00E-07,-2.02E-03,4.47E-08,4.99E-01,,
3.50E-07,-2.02E-03,4.46E-08,4.99E-01,,
4.00E-07,-2.02E-03,4.52E-08,4.99E-01,,
3.50E-07,-2.02E-03,4.52E-08,4.99E-01,,
3.00E-07,-2.02E-03,4.51E-08,4.99E-01,,
3.00E-07,-2.02E-03,4.70E-08,4.99E-01,,
3.00E-07,-2.02E-03,4.60E-08,4.99E-01,,
3.50E-07,-2.02E-03,4.61E-08,4.99E-01,,
3.00E-07,-2.02E-03,4.51E-08,4.99E-01,,
3.50E-07,-2.02E-03,4.52E-08,4.99E-01,,
4.00E-07,-2.02E-03,4.52E-08,4.99E-01,,
3.00E-07,-2.02E-03,4.70E-08,4.99E-01,,
3.50E-07,-2.02E-03,4.61E-08,4.99E-01,,
3.50E-07,-2.02E-03,4.70E-08,4.99E-01,,
4.00E-07,-2.02E-03,4.52E-08,4.99E-01,,
4.00E-07,-2.02E-03,4.61E-08,4.99E-01,,
4.00E-07,-2.02E-03,4.70E-08,4.99E-01,,
4.00E-07,-2.02E-03,4.96E-08,4.98E-01,,
3.50E-07,-2.02E-03,5.03E-08,4.98E-01,,
3.50E-07,-2.02E-03,4.96E-08,4.98E-01,,
3.00E-07,-2.02E-03,5.09E-08,4.98E-01,,
3.00E-07,-2.02E-03,5.03E-08,4.98E-01,,
3.00E-07,-2.02E-03,4.96E-08,4.98E-01,,
4.00E-07,-2.02E-03,5.14E-08,4.98E-01,,
3.50E-07,-2.02E-03,5.12E-08,4.98E-01,,
4.00E-07,-2.02E-03,5.05E-08,4.98E-01,,
3.00E-07,-2.02E-03,5.09E-08,4.98E-01,,
3.50E-07,-2.02E-03,5.03E-08,4.98E-01,,
4.00E-07,-2.02E-03,4.96E-08,4.98E-01,,
3.00E-07,-2.02E-03,5.09E-08,4.98E-01,,
3.50E-07,-2.02E-03,5.12E-08,4.98E-01,,
3.00E-07,-2.02E-03,5.16E-08,4.98E-01,,
4.00E-07,-2.02E-03,5.14E-08,4.98E-01,,
3.50E-07,-2.02E-03,5.18E-08,4.98E-01,,
3.00E-07,-2.03E-03,5.23E-08,4.98E-01,,
3.00E-07,-2.02E-03,4.96E-08,4.98E-01,,
3.00E-07,-2.02E-03,4.83E-08,4.99E-01,,
3.50E-07,-2.02E-03,4.83E-08,4.99E-01,,
3.00E-07,-2.02E-03,4.70E-08,4.99E-01,,
3.50E-07,-2.02E-03,4.70E-08,4.99E-01,,
4.00E-07,-2.02E-03,4.70E-08,4.99E-01,,
3.00E-07,-2.02E-03,4.96E-08,4.98E-01,,
3.50E-07,-2.02E-03,4.83E-08,4.99E-01,,
3.50E-07,-2.02E-03,4.96E-08,4.98E-01,,
4.00E-07,-2.02E-03,4.70E-08,4.99E-01,,
4.00E-07,-2.02E-03,4.83E-08,4.99E-01,,
4.00E-07,-2.02E-03,4.96E-08,4.98E-01,,
4.00E-07,-2.03E-03,5.37E-08,4.98E-01,,
3.50E-07,-2.03E-03,5.37E-08,4.98E-01,,
3.50E-07,-2.03E-03,5.30E-08,4.98E-01,,
3.00E-07,-2.03E-03,5.37E-08,4.98E-01,,
3.00E-07,-2.03E-03,5.30E-08,4.98E-01,,
3.00E-07,-2.03E-03,5.23E-08,4.98E-01,,
3.00E-07,-2.03E-03,5.23E-08,4.98E-01,,
3.50E-07,-2.02E-03,5.18E-08,4.98E-01,,
3.50E-07,-2.03E-03,5.30E-08,4.98E-01,,
4.00E-07,-2.02E-03,5.14E-08,4.98E-01,,
4.00E-07,-2.03E-03,5.25E-08,4.98E-01,,
4.00E-07,-2.03E-03,5.37E-08,4.98E-01,,
4.00E-07,-2.03E-03,6.03E-08,4.98E-01,,
3.50E-07,-2.03E-03,5.70E-08,4.98E-01,,
4.00E-07,-2.03E-03,5.70E-08,4.98E-01,,
3.00E-07,-2.03E-03,5.37E-08,4.98E-01,,
3.50E-07,-2.03E-03,5.37E-08,4.98E-01,,
4.00E-07,-2.03E-03,5.37E-08,4.98E-01,,
4.00E-07,-2.03E-03,6.03E-08,4.98E-01,,
3.50E-07,-2.03E-03,6.04E-08,4.98E-01,,
3.50E-07,-2.03E-03,5.70E-08,4.98E-01,,
3.00E-07,-2.03E-03,6.05E-08,4.98E-01,,
3.00E-07,-2.03E-03,5.71E-08,4.98E-01,,
3.00E-07,-2.03E-03,5.37E-08,4.98E-01,,
4.00E-07,-2.03E-03,6.39E-08,4.98E-01,,
3.50E-07,-2.03E-03,6.22E-08,4.98E-01,,
4.00E-07,-2.03E-03,6.21E-08,4.98E-01,,
3.00E-07,-2.03E-03,6.05E-08,4.98E-01,,
3.50E-07,-2.03E-03,6.04E-08,4.98E-01,,
4.00E-07,-2.03E-03,6.03E-08,4.98E-01,,
4.00E-07,-2.03E-03,6.75E-08,4.97E-01,,
3.50E-07,-2.03E-03,6.75E-08,4.97E-01,,
4.00E-07,-2.03E-03,6.57E-08,4.97E-01,,
3.00E-07,-2.03E-03,6.75E-08,4.97E-01,,
3.50E-07,-2.03E-03,6.57E-08,4.97E-01,,
4.00E-07,-2.03E-03,6.39E-08,4.98E-01,,
3.00E-07,-2.03E-03,6.75E-08,4.97E-01,,
3.00E-07,-2.03E-03,6.40E-08,4.98E-01,,
3.50E-07,-2.03E-03,6.57E-08,4.97E-01,,
3.00E-07,-2.03E-03,6.05E-08,4.98E-01,,
3.50E-07,-2.03E-03,6.22E-08,4.98E-01,,
4.00E-07,-2.03E-03,6.39E-08,4.98E-01,,
3.00E-07,-2.03E-03,7.12E-08,4.97E-01,,
3.00E-07,-2.03E-03,6.93E-08,4.97E-01,,
3.50E-07,-2.03E-03,6.93E-08,4.97E-01,,
3.00E-07,-2.03E-03,6.75E-08,4.97E-01,,
3.50E-07,-2.03E-03,6.75E-08,4.97E-01,,
4.00E-07,-2.03E-03,6.75E-08,4.97E-01,,
3.00E-07,-2.03E-03,7.94E-08,4.97E-01,,
3.00E-07,-2.03E-03,7.53E-08,4.97E-01,,
3.50E-07,-2.03E-03,7.86E-08,4.97E-01,,
3.00E-07,-2.03E-03,7.12E-08,4.97E-01,,
3.50E-07,-2.03E-03,7.45E-08,4.97E-01,,
4.00E-07,-2.03E-03,7.78E-08,4.97E-01,,
4.00E-07,-2.03E-03,6.75E-08,4.97E-01,,
4.00E-07,-2.03E-03,7.26E-08,4.97E-01,,
3.50E-07,-2.03E-03,6.93E-08,4.97E-01,,
4.00E-07,-2.03E-03,7.78E-08,4.97E-01,,
3.50E-07,-2.03E-03,7.45E-08,4.97E-01,,
3.00E-07,-2.03E-03,7.12E-08,4.97E-01,,
3.00E-07,-2.03E-03,7.94E-08,4.97E-01,,
3.50E-07,-2.03E-03,8.38E-08,4.96E-01,,
3.00E-07,-2.03E-03,8.38E-08,4.96E-01,,
4.00E-07,-2.03E-03,8.81E-08,4.96E-01,,
3.50E-07,-2.03E-03,8.81E-08,4.96E-01,,
3.00E-07,-2.03E-03,8.81E-08,4.96E-01,,
3.00E-07,-2.03E-03,7.94E-08,4.97E-01,,
3.50E-07,-2.03E-03,7.86E-08,4.97E-01,,
3.50E-07,-2.03E-03,8.38E-08,4.96E-01,,
4.00E-07,-2.03E-03,7.78E-08,4.97E-01,,
4.00E-07,-2.03E-03,8.29E-08,4.96E-01,,
4.00E-07,-2.03E-03,8.81E-08,4.96E-01,,
3.00E-07,-2.04E-03,9.56E-08,4.96E-01,,
3.50E-07,-2.04E-03,9.38E-08,4.96E-01,,
3.50E-07,-2.04E-03,9.56E-08,4.96E-01,,
4.00E-07,-2.03E-03,9.19E-08,4.96E-01,,
4.00E-07,-2.04E-03,9.38E-08,4.96E-01,,
4.00E-07,-2.04E-03,9.56E-08,4.96E-01,,
3.00E-07,-2.03E-03,8.81E-08,4.96E-01,,
3.50E-07,-2.03E-03,9.00E-08,4.96E-01,,
3.00E-07,-2.03E-03,9.19E-08,4.96E-01,,
4.00E-07,-2.03E-03,9.19E-08,4.96E-01,,
3.50E-07,-2.04E-03,9.38E-08,4.96E-01,,
3.00E-07,-2.04E-03,9.56E-08,4.96E-01,,
3.00E-07,-2.03E-03,8.81E-08,4.96E-01,,
3.50E-07,-2.03E-03,8.81E-08,4.96E-01,,
3.50E-07,-2.03E-03,9.00E-08,4.96E-01,,
4.00E-07,-2.03E-03,8.81E-08,4.96E-01,,
4.00E-07,-2.03E-03,9.00E-08,4.96E-01,,
4.00E-07,-2.03E-03,9.19E-08,4.96E-01,,
3.00E-07,-2.04E-03,9.56E-08,4.96E-01,,
3.50E-07,-2.04E-03,9.56E-08,4.96E-01,,
3.50E-07,-2.04E-03,1.01E-07,4.95E-01,,
4.00E-07,-2.04E-03,9.56E-08,4.96E-01,,
4.00E-07,-2.04E-03,1.01E-07,4.95E-01,,
4.00E-07,-2.04E-03,1.06E-07,4.95E-01,,
3.00E-07,-2.04E-03,1.16E-07,4.94E-01,,
3.50E-07,-2.04E-03,1.11E-07,4.95E-01,,
3.50E-07,-2.04E-03,1.16E-07,4.94E-01,,
4.00E-07,-2.04E-03,1.06E-07,4.95E-01,,
4.00E-07,-2.04E-03,1.11E-07,4.95E-01,,
4.00E-07,-2.04E-03,1.16E-07,4.94E-01,,
3.00E-07,-2.04E-03,1.16E-07,4.94E-01,,
3.00E-07,-2.04E-03,1.06E-07,4.95E-01,,
3.50E-07,-2.04E-03,1.11E-07,4.95E-01,,
3.00E-07,-2.04E-03,9.56E-08,4.96E-01,,
3.50E-07,-2.04E-03,1.01E-07,4.95E-01,,
4.00E-07,-2.04E-03,1.06E-07,4.95E-01,,
4.00E-07,-2.04E-03,1.28E-07,4.94E-01,,
3.50E-07,-2.04E-03,1.28E-07,4.94E-01,,
4.00E-07,-2.04E-03,1.22E-07,4.94E-01,,
3.00E-07,-2.04E-03,1.28E-07,4.94E-01,,
3.50E-07,-2.04E-03,1.22E-07,4.94E-01,,
4.00E-07,-2.04E-03,1.16E-07,4.94E-01,,
4.00E-07,-2.04E-03,1.52E-07,4.92E-01,,
3.50E-07,-2.04E-03,1.52E-07,4.92E-01,,
4.00E-07,-2.04E-03,1.46E-07,4.93E-01,,
3.00E-07,-2.04E-03,1.52E-07,4.92E-01,,
3.50E-07,-2.04E-03,1.46E-07,4.93E-01,,
4.00E-07,-2.04E-03,1.40E-07,4.93E-01,,
3.00E-07,-2.04E-03,1.40E-07,4.93E-01,,
3.00E-07,-2.04E-03,1.34E-07,4.93E-01,,
3.50E-07,-2.04E-03,1.34E-07,4.93E-01,,
3.00E-07,-2.04E-03,1.28E-07,4.94E-01,,
3.50E-07,-2.04E-03,1.28E-07,4.94E-01,,
4.00E-07,-2.04E-03,1.28E-07,4.94E-01,,
4.00E-07,-2.04E-03,1.28E-07,4.94E-01,,
4.00E-07,-2.04E-03,1.34E-07,4.93E-01,,
3.50E-07,-2.04E-03,1.34E-07,4.93E-01,,
4.00E-07,-2.04E-03,1.40E-07,4.93E-01,,
3.50E-07,-2.04E-03,1.40E-07,4.93E-01,,
3.00E-07,-2.04E-03,1.40E-07,4.93E-01,,
4.00E-07,-2.04E-03,1.40E-07,4.93E-01,,
3.50E-07,-2.04E-03,1.46E-07,4.93E-01,,
3.50E-07,-2.04E-03,1.40E-07,4.93E-01,,
3.00E-07,-2.04E-03,1.52E-07,4.92E-01,,
3.00E-07,-2.04E-03,1.46E-07,4.93E-01,,
3.00E-07,-2.04E-03,1.40E-07,4.93E-01,,
4.00E-07,-2.04E-03,1.16E-07,4.94E-01,,
3.50E-07,-2.04E-03,1.22E-07,4.94E-01,,
3.50E-07,-2.04E-03,1.16E-07,4.94E-01,,
3.00E-07,-2.04E-03,1.28E-07,4.94E-01,,
3.00E-07,-2.04E-03,1.22E-07,4.94E-01,,
3.00E-07,-2.04E-03,1.16E-07,4.94E-01,,
4.00E-07,-2.04E-03,1.68E-07,4.91E-01,,
4.00E-07,-2.05E-03,1.76E-07,4.91E-01,,
3.50E-07,-2.05E-03,1.74E-07,4.91E-01,,
4.00E-07,-2.05E-03,1.83E-07,4.91E-01,,
3.50E-07,-2.05E-03,1.82E-07,4.91E-01,,
3.00E-07,-2.05E-03,1.80E-07,4.91E-01,,
3.00E-07,-2.05E-03,1.80E-07,4.91E-01,,
3.00E-07,-2.05E-03,1.74E-07,4.91E-01,,
3.50E-07,-2.05E-03,1.74E-07,4.91E-01,,
3.00E-07,-2.04E-03,1.68E-07,4.91E-01,,
3.50E-07,-2.04E-03,1.68E-07,4.91E-01,,
4.00E-07,-2.04E-03,1.68E-07,4.91E-01,,
3.00E-07,-2.05E-03,1.80E-07,4.91E-01,,
3.50E-07,-2.05E-03,1.82E-07,4.91E-01,,
3.00E-07,-2.05E-03,1.82E-07,4.91E-01,,
4.00E-07,-2.05E-03,1.83E-07,4.91E-01,,
3.50E-07,-2.05E-03,1.83E-07,4.91E-01,,
3.00E-07,-2.05E-03,1.83E-07,4.91E-01,,
3.00E-07,-2.04E-03,1.63E-07,4.92E-01,,
3.50E-07,-2.04E-03,1.63E-07,4.92E-01,,
3.50E-07,-2.04E-03,1.65E-07,4.92E-01,,
4.00E-07,-2.04E-03,1.63E-07,4.92E-01,,
4.00E-07,-2.04E-03,1.65E-07,4.92E-01,,
4.00E-07,-2.04E-03,1.68E-07,4.91E-01,,
3.00E-07,-2.04E-03,1.68E-07,4.91E-01,,
3.00E-07,-2.04E-03,1.65E-07,4.92E-01,,
3.50E-07,-2.04E-03,1.68E-07,4.91E-01,,
3.00E-07,-2.04E-03,1.63E-07,4.92E-01,,
3.50E-07,-2.04E-03,1.65E-07,4.92E-01,,
4.00E-07,-2.04E-03,1.68E-07,4.91E-01,,
4.00E-07,-2.04E-03,1.63E-07,4.92E-01,,
3.50E-07,-2.04E-03,1.63E-07,4.92E-01,,
3.50E-07,-2.04E-03,1.57E-07,4.92E-01,,
3.00E-07,-2.04E-03,1.63E-07,4.92E-01,,
3.00E-07,-2.04E-03,1.57E-07,4.92E-01,,
3.00E-07,-2.04E-03,1.52E-07,4.92E-01,,
4.00E-07,-2.04E-03,1.63E-07,4.92E-01,,
3.50E-07,-2.04E-03,1.57E-07,4.92E-01,,
4.00E-07,-2.04E-03,1.57E-07,4.92E-01,,
3.00E-07,-2.04E-03,1.52E-07,4.92E-01,,
3.50E-07,-2.04E-03,1.52E-07,4.92E-01,,
4.00E-07,-2.04E-03,1.52E-07,4.92E-01,,
4.00E-07,-2.05E-03,1.98E-07,4.90E-01,,
4.00E-07,-2.05E-03,2.01E-07,4.90E-01,,
3.50E-07,-2.05E-03,2.01E-07,4.90E-01,,
4.00E-07,-2.05E-03,2.05E-07,4.89E-01,,
3.50E-07,-2.05E-03,2.04E-07,4.89E-01,,
3.00E-07,-2.05E-03,2.04E-07,4.89E-01,,
3.00E-07,-2.05E-03,2.04E-07,4.89E-01,,
3.50E-07,-2.05E-03,2.04E-07,4.89E-01,,
3.00E-07,-2.05E-03,2.09E-07,4.89E-01,,
4.00E-07,-2.05E-03,2.05E-07,4.89E-01,,
3.50E-07,-2.05E-03,2.10E-07,4.89E-01,,
3.00E-07,-2.05E-03,2.14E-07,4.89E-01,,
3.00E-07,-2.05E-03,2.04E-07,4.89E-01,,
3.00E-07,-2.05E-03,2.00E-07,4.90E-01,,
3.50E-07,-2.05E-03,2.01E-07,4.90E-01,,
3.00E-07,-2.05E-03,1.97E-07,4.90E-01,,
3.50E-07,-2.05E-03,1.97E-07,4.90E-01,,
4.00E-07,-2.05E-03,1.98E-07,4.90E-01,,
3.00E-07,-2.05E-03,1.83E-07,4.91E-01,,
3.50E-07,-2.05E-03,1.83E-07,4.91E-01,,
3.00E-07,-2.05E-03,1.86E-07,4.90E-01,,
4.00E-07,-2.05E-03,1.83E-07,4.91E-01,,
3.50E-07,-2.05E-03,1.86E-07,4.90E-01,,
3.00E-07,-2.05E-03,1.89E-07,4.90E-01,,
3.00E-07,-2.05E-03,1.97E-07,4.90E-01,,
3.00E-07,-2.05E-03,1.93E-07,4.90E-01,,
3.50E-07,-2.05E-03,1.93E-07,4.90E-01,,
3.00E-07,-2.05E-03,1.89E-07,4.90E-01,,
3.50E-07,-2.05E-03,1.90E-07,4.90E-01,,
4.00E-07,-2.05E-03,1.90E-07,4.90E-01,,
4.00E-07,-2.05E-03,1.83E-07,4.91E-01,,
4.00E-07,-2.05E-03,1.87E-07,4.90E-01,,
3.50E-07,-2.05E-03,1.86E-07,4.90E-01,,
4.00E-07,-2.05E-03,1.90E-07,4.90E-01,,
3.50E-07,-2.05E-03,1.90E-07,4.90E-01,,
3.00E-07,-2.05E-03,1.89E-07,4.90E-01,,
4.00E-07,-2.05E-03,1.98E-07,4.90E-01,,
3.50E-07,-2.05E-03,1.97E-07,4.90E-01,,
4.00E-07,-2.05E-03,1.94E-07,4.90E-01,,
3.00E-07,-2.05E-03,1.97E-07,4.90E-01,,
3.50E-07,-2.05E-03,1.93E-07,4.90E-01,,
4.00E-07,-2.05E-03,1.90E-07,4.90E-01,,
3.00E-07,-2.05E-03,2.14E-07,4.89E-01,,
3.50E-07,-2.05E-03,2.10E-07,4.89E-01,,
3.50E-07,-2.05E-03,2.14E-07,4.89E-01,,
4.00E-07,-2.05E-03,2.05E-07,4.89E-01,,
4.00E-07,-2.05E-03,2.10E-07,4.89E-01,,
4.00E-07,-2.05E-03,2.14E-07,4.89E-01,,
4.00E-07,-2.05E-03,2.31E-07,4.88E-01,,
3.50E-07,-2.05E-03,2.27E-07,4.88E-01,,
4.00E-07,-2.05E-03,2.26E-07,4.88E-01,,
3.00E-07,-2.05E-03,2.22E-07,4.89E-01,,
3.50E-07,-2.05E-03,2.22E-07,4.89E-01,,
4.00E-07,-2.05E-03,2.22E-07,4.89E-01,,
4.00E-07,-2.05E-03,2.31E-07,4.88E-01,,
3.50E-07,-2.05E-03,2.31E-07,4.88E-01,,
3.50E-07,-2.05E-03,2.27E-07,4.88E-01,,
3.00E-07,-2.05E-03,2.30E-07,4.88E-01,,
3.00E-07,-2.05E-03,2.26E-07,4.88E-01,,
3.00E-07,-2.05E-03,2.22E-07,4.89E-01,,
3.00E-07,-2.05E-03,2.14E-07,4.89E-01,,
3.50E-07,-2.05E-03,2.14E-07,4.89E-01,,
3.50E-07,-2.05E-03,2.18E-07,4.89E-01,,
4.00E-07,-2.05E-03,2.14E-07,4.89E-01,,
4.00E-07,-2.05E-03,2.18E-07,4.89E-01,,
4.00E-07,-2.05E-03,2.22E-07,4.89E-01,,
3.00E-07,-2.05E-03,2.14E-07,4.89E-01,,
3.50E-07,-2.05E-03,2.18E-07,4.89E-01,,
3.00E-07,-2.05E-03,2.18E-07,4.89E-01,,
4.00E-07,-2.05E-03,2.22E-07,4.89E-01,,
3.50E-07,-2.05E-03,2.22E-07,4.89E-01,,
3.00E-07,-2.05E-03,2.22E-07,4.89E-01,,
4.00E-07,-2.05E-03,2.40E-07,4.88E-01,,
4.00E-07,-2.05E-03,2.44E-07,4.87E-01,,
3.50E-07,-2.05E-03,2.44E-07,4.87E-01,,
4.00E-07,-2.05E-03,2.49E-07,4.87E-01,,
3.50E-07,-2.05E-03,2.49E-07,4.87E-01,,
3.00E-07,-2.05E-03,2.49E-07,4.87E-01,,
3.00E-07,-2.05E-03,2.30E-07,4.88E-01,,
3.50E-07,-2.05E-03,2.35E-07,4.88E-01,,
3.00E-07,-2.05E-03,2.40E-07,4.88E-01,,
4.00E-07,-2.05E-03,2.40E-07,4.88E-01,,
3.50E-07,-2.05E-03,2.44E-07,4.87E-01,,
3.00E-07,-2.05E-03,2.49E-07,4.87E-01,,
3.00E-07,-2.05E-03,2.30E-07,4.88E-01,,
3.50E-07,-2.05E-03,2.31E-07,4.88E-01,,
3.50E-07,-2.05E-03,2.35E-07,4.88E-01,,
4.00E-07,-2.05E-03,2.31E-07,4.88E-01,,
4.00E-07,-2.05E-03,2.35E-07,4.88E-01,,
4.00E-07,-2.05E-03,2.40E-07,4.88E-01,,
4.00E-07,-2.05E-03,2.49E-07,4.87E-01,,
3.50E-07,-2.06E-03,2.56E-07,4.87E-01,,
3.50E-07,-2.05E-03,2.49E-07,4.87E-01,,
3.00E-07,-2.06E-03,2.63E-07,4.86E-01,,
3.00E-07,-2.06E-03,2.56E-07,4.87E-01,,
3.00E-07,-2.05E-03,2.49E-07,4.87E-01,,
4.00E-07,-2.06E-03,2.61E-07,4.86E-01,,
3.50E-07,-2.06E-03,2.62E-07,4.86E-01,,
4.00E-07,-2.06E-03,2.55E-07,4.87E-01,,
3.00E-07,-2.06E-03,2.63E-07,4.86E-01,,
3.50E-07,-2.06E-03,2.56E-07,4.87E-01,,
4.00E-07,-2.05E-03,2.49E-07,4.87E-01,,
4.00E-07,-2.06E-03,2.70E-07,4.86E-01,,
4.00E-07,-2.06E-03,2.74E-07,4.86E-01,,
3.50E-07,-2.06E-03,2.74E-07,4.86E-01,,
4.00E-07,-2.06E-03,2.78E-07,4.86E-01,,
3.50E-07,-2.06E-03,2.78E-07,4.86E-01,,
3.00E-07,-2.06E-03,2.78E-07,4.86E-01,,
4.00E-07,-2.06E-03,2.70E-07,4.86E-01,,
3.50E-07,-2.06E-03,2.74E-07,4.86E-01,,
3.50E-07,-2.06E-03,2.66E-07,4.86E-01,,
3.00E-07,-2.06E-03,2.78E-07,4.86E-01,,
3.00E-07,-2.06E-03,2.71E-07,4.86E-01,,
3.00E-07,-2.06E-03,2.63E-07,4.86E-01,,
4.00E-07,-2.06E-03,2.70E-07,4.86E-01,,
3.50E-07,-2.06E-03,2.66E-07,4.86E-01,,
4.00E-07,-2.06E-03,2.66E-07,4.86E-01,,
3.00E-07,-2.06E-03,2.63E-07,4.86E-01,,
3.50E-07,-2.06E-03,2.62E-07,4.86E-01,,
4.00E-07,-2.06E-03,2.61E-07,4.86E-01,,
4.00E-07,-2.06E-03,3.06E-07,4.84E-01,,
3.50E-07,-2.06E-03,3.06E-07,4.84E-01,,
4.00E-07,-2.06E-03,2.99E-07,4.85E-01,,
3.00E-07,-2.06E-03,3.06E-07,4.84E-01,,
3.50E-07,-2.06E-03,2.99E-07,4.85E-01,,
4.00E-07,-2.06E-03,2.92E-07,4.85E-01,,
3.00E-07,-2.06E-03,2.92E-07,4.85E-01,,
3.50E-07,-2.06E-03,2.92E-07,4.85E-01,,
3.00E-07,-2.06E-03,2.99E-07,4.85E-01,,
4.00E-07,-2.06E-03,2.92E-07,4.85E-01,,
3.50E-07,-2.06E-03,2.99E-07,4.85E-01,,
3.00E-07,-2.06E-03,3.06E-07,4.84E-01,,
4.00E-07,-2.06E-03,2.85E-07,4.85E-01,,
4.00E-07,-2.06E-03,2.89E-07,4.85E-01,,
3.50E-07,-2.06E-03,2.89E-07,4.85E-01,,
4.00E-07,-2.06E-03,2.92E-07,4.85E-01,,
3.50E-07,-2.06E-03,2.92E-07,4.85E-01,,
3.00E-07,-2.06E-03,2.92E-07,4.85E-01,,
3.00E-07,-2.06E-03,2.78E-07,4.86E-01,,
3.50E-07,-2.06E-03,2.82E-07,4.86E-01,,
3.00E-07,-2.06E-03,2.85E-07,4.85E-01,,
4.00E-07,-2.06E-03,2.85E-07,4.85E-01,,
3.50E-07,-2.06E-03,2.89E-07,4.85E-01,,
3.00E-07,-2.06E-03,2.92E-07,4.85E-01,,
3.00E-07,-2.06E-03,2.78E-07,4.86E-01,,
3.50E-07,-2.06E-03,2.78E-07,4.86E-01,,
3.50E-07,-2.06E-03,2.82E-07,4.86E-01,,
4.00E-07,-2.06E-03,2.78E-07,4.86E-01,,
4.00E-07,-2.06E-03,2.82E-07,4.85E-01,,
4.00E-07,-2.06E-03,2.85E-07,4.85E-01,,
4.00E-07,-2.07E-03,3.29E-07,4.83E-01,,
4.00E-07,-2.07E-03,3.33E-07,4.83E-01,,
3.50E-07,-2.07E-03,3.33E-07,4.83E-01,,
4.00E-07,-2.07E-03,3.37E-07,4.83E-01,,
3.50E-07,-2.07E-03,3.37E-07,4.83E-01,,
3.00E-07,-2.07E-03,3.37E-07,4.83E-01,,
3.00E-07,-2.06E-03,3.22E-07,4.84E-01,,
3.50E-07,-2.07E-03,3.25E-07,4.84E-01,,
3.00E-07,-2.07E-03,3.29E-07,4.83E-01,,
4.00E-07,-2.07E-03,3.29E-07,4.83E-01,,
3.50E-07,-2.07E-03,3.33E-07,4.83E-01,,
3.00E-07,-2.07E-03,3.37E-07,4.83E-01,,
3.00E-07,-2.06E-03,3.22E-07,4.84E-01,,
3.50E-07,-2.06E-03,3.22E-07,4.84E-01,,
3.50E-07,-2.07E-03,3.25E-07,4.84E-01,,
4.00E-07,-2.06E-03,3.22E-07,4.84E-01,,
4.00E-07,-2.07E-03,3.25E-07,4.84E-01,,
4.00E-07,-2.07E-03,3.29E-07,4.83E-01,,
4.00E-07,-2.06E-03,3.14E-07,4.84E-01,,
4.00E-07,-2.06E-03,3.18E-07,4.84E-01,,
3.50E-07,-2.06E-03,3.18E-07,4.84E-01,,
4.00E-07,-2.06E-03,3.22E-07,4.84E-01,,
3.50E-07,-2.06E-03,3.22E-07,4.84E-01,,
3.00E-07,-2.06E-03,3.22E-07,4.84E-01,,
3.00E-07,-2.06E-03,3.06E-07,4.84E-01,,
3.50E-07,-2.06E-03,3.06E-07,4.84E-01,,
3.50E-07,-2.06E-03,3.10E-07,4.84E-01,,
4.00E-07,-2.06E-03,3.06E-07,4.84E-01,,
4.00E-07,-2.06E-03,3.10E-07,4.84E-01,,
4.00E-07,-2.06E-03,3.14E-07,4.84E-01,,
3.00E-07,-2.06E-03,3.06E-07,4.84E-01,,
3.50E-07,-2.06E-03,3.10E-07,4.84E-01,,
3.00E-07,-2.06E-03,3.14E-07,4.84E-01,,
4.00E-07,-2.06E-03,3.14E-07,4.84E-01,,
3.50E-07,-2.06E-03,3.18E-07,4.84E-01,,
3.00E-07,-2.06E-03,3.22E-07,4.84E-01,,
4.00E-07,-2.07E-03,3.50E-07,4.82E-01,,
3.50E-07,-2.07E-03,3.43E-07,4.83E-01,,
4.00E-07,-2.07E-03,3.43E-07,4.83E-01,,
3.00E-07,-2.07E-03,3.37E-07,4.83E-01,,
3.50E-07,-2.07E-03,3.37E-07,4.83E-01,,
4.00E-07,-2.07E-03,3.37E-07,4.83E-01,,
3.00E-07,-2.07E-03,3.50E-07,4.82E-01,,
3.00E-07,-2.07E-03,3.43E-07,4.83E-01,,
3.50E-07,-2.07E-03,3.50E-07,4.82E-01,,
3.00E-07,-2.07E-03,3.37E-07,4.83E-01,,
3.50E-07,-2.07E-03,3.43E-07,4.83E-01,,
4.00E-07,-2.07E-03,3.50E-07,4.82E-01,,
4.00E-07,-2.07E-03,3.56E-07,4.82E-01,,
3.50E-07,-2.07E-03,3.53E-07,4.82E-01,,
4.00E-07,-2.07E-03,3.53E-07,4.82E-01,,
3.00E-07,-2.07E-03,3.50E-07,4.82E-01,,
3.50E-07,-2.07E-03,3.50E-07,4.82E-01,,
4.00E-07,-2.07E-03,3.50E-07,4.82E-01,,
3.00E-07,-2.07E-03,3.63E-07,4.82E-01,,
3.50E-07,-2.07E-03,3.59E-07,4.82E-01,,
3.50E-07,-2.07E-03,3.63E-07,4.82E-01,,
4.00E-07,-2.07E-03,3.56E-07,4.82E-01,,
4.00E-07,-2.07E-03,3.59E-07,4.82E-01,,
4.00E-07,-2.07E-03,3.63E-07,4.82E-01,,
3.00E-07,-2.07E-03,3.63E-07,4.82E-01,,
3.00E-07,-2.07E-03,3.56E-07,4.82E-01,,
3.50E-07,-2.07E-03,3.59E-07,4.82E-01,,
3.00E-07,-2.07E-03,3.50E-07,4.82E-01,,
3.50E-07,-2.07E-03,3.53E-07,4.82E-01,,
4.00E-07,-2.07E-03,3.56E-07,4.82E-01,,
4.00E-07,-2.07E-03,3.69E-07,4.82E-01,,
3.50E-07,-2.07E-03,3.66E-07,4.82E-01,,
4.00E-07,-2.07E-03,3.66E-07,4.82E-01,,
3.00E-07,-2.07E-03,3.63E-07,4.82E-01,,
3.50E-07,-2.07E-03,3.63E-07,4.82E-01,,
4.00E-07,-2.07E-03,3.63E-07,4.82E-01,,
3.00E-07,-2.07E-03,3.63E-07,4.82E-01,,
3.50E-07,-2.07E-03,3.66E-07,4.82E-01,,
3.00E-07,-2.07E-03,3.69E-07,4.82E-01,,
4.00E-07,-2.07E-03,3.69E-07,4.82E-01,,
3.50E-07,-2.07E-03,3.72E-07,4.82E-01,,
3.00E-07,-2.07E-03,3.75E-07,4.81E-01,,
3.00E-07,-2.07E-03,3.75E-07,4.81E-01,,
3.50E-07,-2.07E-03,3.72E-07,4.82E-01,,
3.50E-07,-2.07E-03,3.75E-07,4.81E-01,,
4.00E-07,-2.07E-03,3.69E-07,4.82E-01,,
4.00E-07,-2.07E-03,3.72E-07,4.81E-01,,
4.00E-07,-2.07E-03,3.75E-07,4.81E-01,,
3.00E-07,-2.07E-03,3.75E-07,4.81E-01,,
3.50E-07,-2.07E-03,3.75E-07,4.81E-01,,
3.50E-07,-2.07E-03,3.81E-07,4.81E-01,,
4.00E-07,-2.07E-03,3.75E-07,4.81E-01,,
4.00E-07,-2.07E-03,3.81E-07,4.81E-01,,
4.00E-07,-2.08E-03,3.87E-07,4.81E-01,,
4.00E-07,-2.08E-03,3.87E-07,4.81E-01,,
3.50E-07,-2.08E-03,3.87E-07,4.81E-01,,
3.50E-07,-2.07E-03,3.81E-07,4.81E-01,,
3.00E-07,-2.08E-03,3.87E-07,4.81E-01,,
3.00E-07,-2.07E-03,3.81E-07,4.81E-01,,
3.00E-07,-2.07E-03,3.75E-07,4.81E-01,,
4.00E-07,-2.08E-03,4.01E-07,4.80E-01,,
4.00E-07,-2.08E-03,4.07E-07,4.80E-01,,
3.50E-07,-2.08E-03,4.07E-07,4.80E-01,,
4.00E-07,-2.08E-03,4.14E-07,4.80E-01,,
3.50E-07,-2.08E-03,4.14E-07,4.80E-01,,
3.00E-07,-2.08E-03,4.14E-07,4.80E-01,,
3.00E-07,-2.08E-03,4.01E-07,4.81E-01,,
3.50E-07,-2.08E-03,4.01E-07,4.81E-01,,
3.00E-07,-2.08E-03,4.07E-07,4.80E-01,,
4.00E-07,-2.08E-03,4.01E-07,4.80E-01,,
3.50E-07,-2.08E-03,4.07E-07,4.80E-01,,
3.00E-07,-2.08E-03,4.14E-07,4.80E-01,,
3.00E-07,-2.08E-03,4.01E-07,4.81E-01,,
3.00E-07,-2.08E-03,3.94E-07,4.81E-01,,
3.50E-07,-2.08E-03,3.94E-07,4.81E-01,,
3.00E-07,-2.08E-03,3.87E-07,4.81E-01,,
3.50E-07,-2.08E-03,3.87E-07,4.81E-01,,
4.00E-07,-2.08E-03,3.87E-07,4.81E-01,,
4.00E-07,-2.08E-03,3.87E-07,4.81E-01,,
4.00E-07,-2.08E-03,3.94E-07,4.81E-01,,
3.50E-07,-2.08E-03,3.94E-07,4.81E-01,,
4.00E-07,-2.08E-03,4.01E-07,4.80E-01,,
3.50E-07,-2.08E-03,4.01E-07,4.81E-01,,
3.00E-07,-2.08E-03,4.01E-07,4.81E-01,,
4.00E-07,-2.08E-03,4.25E-07,4.79E-01,,
3.50E-07,-2.08E-03,4.20E-07,4.80E-01,,
4.00E-07,-2.08E-03,4.20E-07,4.80E-01,,
3.00E-07,-2.08E-03,4.14E-07,4.80E-01,,
3.50E-07,-2.08E-03,4.14E-07,4.80E-01,,
4.00E-07,-2.08E-03,4.14E-07,4.80E-01,,
4.00E-07,-2.08E-03,4.25E-07,4.79E-01,,
4.00E-07,-2.08E-03,4.31E-07,4.80E-01,,
3.50E-07,-2.08E-03,4.31E-07,4.80E-01,,
4.00E-07,-2.08E-03,4.36E-07,4.79E-01,,
3.50E-07,-2.08E-03,4.36E-07,4.80E-01,,
3.00E-07,-2.08E-03,4.36E-07,4.80E-01,,
4.00E-07,-2.08E-03,4.25E-07,4.79E-01,,
3.50E-07,-2.08E-03,4.25E-07,4.79E-01,,
3.50E-07,-2.08E-03,4.20E-07,4.80E-01,,
3.00E-07,-2.08E-03,4.25E-07,4.79E-01,,
3.00E-07,-2.08E-03,4.20E-07,4.80E-01,,
3.00E-07,-2.08E-03,4.14E-07,4.80E-01,,
3.00E-07,-2.08E-03,4.25E-07,4.79E-01,,
3.50E-07,-2.08E-03,4.25E-07,4.79E-01,,
3.00E-07,-2.08E-03,4.31E-07,4.80E-01,,
4.00E-07,-2.08E-03,4.25E-07,4.79E-01,,
3.50E-07,-2.08E-03,4.31E-07,4.80E-01,,
3.00E-07,-2.08E-03,4.36E-07,4.80E-01,,
3.00E-07,-2.09E-03,4.57E-07,4.79E-01,,
3.50E-07,-2.09E-03,4.52E-07,4.79E-01,,
3.50E-07,-2.09E-03,4.57E-07,4.79E-01,,
4.00E-07,-2.09E-03,4.47E-07,4.79E-01,,
4.00E-07,-2.09E-03,4.52E-07,4.79E-01,,
4.00E-07,-2.09E-03,4.57E-07,4.79E-01,,
3.00E-07,-2.09E-03,4.47E-07,4.79E-01,,
3.50E-07,-2.09E-03,4.47E-07,4.79E-01,,
3.00E-07,-2.09E-03,4.52E-07,4.79E-01,,
4.00E-07,-2.09E-03,4.47E-07,4.79E-01,,
3.50E-07,-2.09E-03,4.52E-07,4.79E-01,,
3.00E-07,-2.09E-03,4.57E-07,4.79E-01,,
4.00E-07,-2.08E-03,4.42E-07,4.79E-01,,
4.00E-07,-2.08E-03,4.44E-07,4.79E-01,,
3.50E-07,-2.08E-03,4.44E-07,4.79E-01,,
4.00E-07,-2.09E-03,4.47E-07,4.79E-01,,
3.50E-07,-2.09E-03,4.47E-07,4.79E-01,,
3.00E-07,-2.09E-03,4.47E-07,4.79E-01,,
3.00E-07,-2.08E-03,4.36E-07,4.80E-01,,
3.50E-07,-2.08E-03,4.39E-07,4.80E-01,,
3.00E-07,-2.08E-03,4.42E-07,4.80E-01,,
4.00E-07,-2.08E-03,4.42E-07,4.79E-01,,
3.50E-07,-2.08E-03,4.44E-07,4.79E-01,,
3.00E-07,-2.09E-03,4.47E-07,4.79E-01,,
4.00E-07,-2.08E-03,4.42E-07,4.79E-01,,
3.50E-07,-2.08E-03,4.39E-07,4.80E-01,,
4.00E-07,-2.08E-03,4.39E-07,4.79E-01,,
3.00E-07,-2.08E-03,4.36E-07,4.80E-01,,
3.50E-07,-2.08E-03,4.36E-07,4.80E-01,,
4.00E-07,-2.08E-03,4.36E-07,4.79E-01,,
4.00E-07,-2.09E-03,4.74E-07,4.79E-01,,
4.00E-07,-2.09E-03,4.77E-07,4.79E-01,,
3.50E-07,-2.09E-03,4.77E-07,4.79E-01,,
4.00E-07,-2.09E-03,4.80E-07,4.79E-01,,
3.50E-07,-2.09E-03,4.80E-07,4.79E-01,,
3.00E-07,-2.09E-03,4.80E-07,4.79E-01,,
4.00E-07,-2.09E-03,4.74E-07,4.79E-01,,
3.50E-07,-2.09E-03,4.77E-07,4.79E-01,,
3.50E-07,-2.09E-03,4.72E-07,4.79E-01,,
3.00E-07,-2.09E-03,4.80E-07,4.79E-01,,
3.00E-07,-2.09E-03,4.74E-07,4.79E-01,,
3.00E-07,-2.09E-03,4.69E-07,4.79E-01,,
4.00E-07,-2.09E-03,4.74E-07,4.79E-01,,
3.50E-07,-2.09E-03,4.72E-07,4.79E-01,,
4.00E-07,-2.09E-03,4.72E-07,4.79E-01,,
3.00E-07,-2.09E-03,4.69E-07,4.79E-01,,
3.50E-07,-2.09E-03,4.69E-07,4.79E-01,,
4.00E-07,-2.09E-03,4.69E-07,4.79E-01,,
4.00E-07,-2.09E-03,4.63E-07,4.79E-01,,
4.00E-07,-2.09E-03,4.66E-07,4.79E-01,,
3.50E-07,-2.09E-03,4.66E-07,4.79E-01,,
4.00E-07,-2.09E-03,4.69E-07,4.79E-01,,
3.50E-07,-2.09E-03,4.69E-07,4.79E-01,,
3.00E-07,-2.09E-03,4.69E-07,4.79E-01,,
4.00E-07,-2.09E-03,4.63E-07,4.79E-01,,
3.50E-07,-2.09E-03,4.66E-07,4.79E-01,,
3.50E-07,-2.09E-03,4.60E-07,4.79E-01,,
3.00E-07,-2.09E-03,4.69E-07,4.79E-01,,
3.00E-07,-2.09E-03,4.63E-07,4.79E-01,,
3.00E-07,-2.09E-03,4.57E-07,4.79E-01,,
4.00E-07,-2.09E-03,4.63E-07,4.79E-01,,
3.50E-07,-2.09E-03,4.60E-07,4.79E-01,,
4.00E-07,-2.09E-03,4.60E-07,4.79E-01,,
3.00E-07,-2.09E-03,4.57E-07,4.79E-01,,
3.50E-07,-2.09E-03,4.57E-07,4.79E-01,,
4.00E-07,-2.09E-03,4.57E-07,4.79E-01,,
3.00E-07,-2.10E-03,4.99E-07,4.79E-01,,
3.00E-07,-2.09E-03,4.94E-07,4.79E-01,,
3.50E-07,-2.10E-03,4.99E-07,4.79E-01,,
3.00E-07,-2.09E-03,4.89E-07,4.79E-01,,
3.50E-07,-2.09E-03,4.94E-07,4.79E-01,,
4.00E-07,-2.10E-03,4.99E-07,4.79E-01,,
4.00E-07,-2.09E-03,4.89E-07,4.79E-01,,
4.00E-07,-2.09E-03,4.94E-07,4.79E-01,,
3.50E-07,-2.09E-03,4.89E-07,4.79E-01,,
4.00E-07,-2.10E-03,4.99E-07,4.79E-01,,
3.50E-07,-2.09E-03,4.94E-07,4.79E-01,,
3.00E-07,-2.09E-03,4.89E-07,4.79E-01,,
3.00E-07,-2.09E-03,4.80E-07,4.79E-01,,
3.50E-07,-2.09E-03,4.80E-07,4.79E-01,,
3.50E-07,-2.09E-03,4.82E-07,4.79E-01,,
4.00E-07,-2.09E-03,4.80E-07,4.79E-01,,
4.00E-07,-2.09E-03,4.82E-07,4.79E-01,,
4.00E-07,-2.09E-03,4.85E-07,4.79E-01,,
3.00E-07,-2.09E-03,4.89E-07,4.79E-01,,
3.00E-07,-2.09E-03,4.85E-07,4.79E-01,,
3.50E-07,-2.09E-03,4.87E-07,4.79E-01,,
3.00E-07,-2.09E-03,4.80E-07,4.79E-01,,
3.50E-07,-2.09E-03,4.82E-07,4.79E-01,,
4.00E-07,-2.09E-03,4.85E-07,4.79E-01,,
4.00E-07,-2.09E-03,4.89E-07,4.79E-01,,
3.50E-07,-2.09E-03,4.89E-07,4.79E-01,,
4.00E-07,-2.09E-03,4.87E-07,4.79E-01,,
3.00E-07,-2.09E-03,4.89E-07,4.79E-01,,
3.50E-07,-2.09E-03,4.87E-07,4.79E-01,,
4.00E-07,-2.09E-03,4.85E-07,4.79E-01,,
4.00E-07,-2.10E-03,4.99E-07,4.79E-01,,
4.00E-07,-2.10E-03,5.03E-07,4.79E-01,,
3.50E-07,-2.10E-03,4.99E-07,4.79E-01,,
4.00E-07,-2.10E-03,5.07E-07,4.79E-01,,
3.50E-07,-2.10E-03,5.03E-07,4.79E-01,,
3.00E-07,-2.10E-03,4.99E-07,4.79E-01,,
4.00E-07,-2.10E-03,5.12E-07,4.79E-01,,
4.00E-07,-2.10E-03,5.14E-07,4.79E-01,,
3.50E-07,-2.10E-03,5.14E-07,4.79E-01,,
4.00E-07,-2.10E-03,5.16E-07,4.79E-01,,
3.50E-07,-2.10E-03,5.16E-07,4.79E-01,,
3.00E-07,-2.10E-03,5.16E-07,4.79E-01,,
3.00E-07,-2.10E-03,5.07E-07,4.79E-01,,
3.00E-07,-2.10E-03,5.03E-07,4.79E-01,,
3.50E-07,-2.10E-03,5.07E-07,4.79E-01,,
3.00E-07,-2.10E-03,4.99E-07,4.79E-01,,
3.50E-07,-2.10E-03,5.03E-07,4.79E-01,,
4.00E-07,-2.10E-03,5.07E-07,4.79E-01,,
3.00E-07,-2.10E-03,5.07E-07,4.79E-01,,
3.50E-07,-2.10E-03,5.10E-07,4.79E-01,,
3.00E-07,-2.10E-03,5.12E-07,4.79E-01,,
4.00E-07,-2.10E-03,5.12E-07,4.79E-01,,
3.50E-07,-2.10E-03,5.14E-07,4.79E-01,,
3.00E-07,-2.10E-03,5.16E-07,4.79E-01,,
3.00E-07,-2.10E-03,5.07E-07,4.79E-01,,
3.50E-07,-2.10E-03,5.07E-07,4.79E-01,,
3.50E-07,-2.10E-03,5.10E-07,4.79E-01,,
4.00E-07,-2.10E-03,5.07E-07,4.79E-01,,
4.00E-07,-2.10E-03,5.10E-07,4.79E-01,,
4.00E-07,-2.10E-03,5.12E-07,4.79E-01,,
3.00E-07,-2.10E-03,5.16E-07,4.79E-01,,
3.50E-07,-2.10E-03,5.18E-07,4.79E-01,,
3.00E-07,-2.10E-03,5.18E-07,4.79E-01,,
4.00E-07,-2.10E-03,5.21E-07,4.79E-01,,
3.50E-07,-2.10E-03,5.21E-07,4.79E-01,,
3.00E-07,-2.10E-03,5.21E-07,4.79E-01,,
4.00E-07,-2.10E-03,5.16E-07,4.79E-01,,
4.00E-07,-2.10E-03,5.18E-07,4.79E-01,,
3.50E-07,-2.10E-03,5.16E-07,4.79E-01,,
4.00E-07,-2.10E-03,5.21E-07,4.79E-01,,
3.50E-07,-2.10E-03,5.18E-07,4.79E-01,,
3.00E-07,-2.10E-03,5.16E-07,4.79E-01,,
4.00E-07,-2.10E-03,5.35E-07,4.79E-01,,
3.50E-07,-2.10E-03,5.35E-07,4.79E-01,,
3.50E-07,-2.10E-03,5.31E-07,4.79E-01,,
3.00E-07,-2.10E-03,5.35E-07,4.79E-01,,
3.00E-07,-2.10E-03,5.31E-07,4.79E-01,,
3.00E-07,-2.10E-03,5.28E-07,4.79E-01,,
4.00E-07,-2.10E-03,5.28E-07,4.79E-01,,
4.00E-07,-2.10E-03,5.31E-07,4.79E-01,,
3.50E-07,-2.10E-03,5.28E-07,4.79E-01,,
4.00E-07,-2.10E-03,5.35E-07,4.79E-01,,
3.50E-07,-2.10E-03,5.31E-07,4.79E-01,,
3.00E-07,-2.10E-03,5.28E-07,4.79E-01,,
4.00E-07,-2.10E-03,5.28E-07,4.79E-01,,
3.50E-07,-2.10E-03,5.24E-07,4.79E-01,,
4.00E-07,-2.10E-03,5.24E-07,4.79E-01,,
3.00E-07,-2.10E-03,5.21E-07,4.79E-01,,
3.50E-07,-2.10E-03,5.21E-07,4.79E-01,,
4.00E-07,-2.10E-03,5.21E-07,4.79E-01,,
3.00E-07,-2.10E-03,5.28E-07,4.79E-01,,
3.00E-07,-2.10E-03,5.24E-07,4.79E-01,,
3.50E-07,-2.10E-03,5.28E-07,4.79E-01,,
3.00E-07,-2.10E-03,5.21E-07,4.79E-01,,
3.50E-07,-2.10E-03,5.24E-07,4.79E-01,,
4.00E-07,-2.10E-03,5.28E-07,4.79E-01,,
4.00E-07,-2.11E-03,5.41E-07,4.79E-01,,
3.50E-07,-2.11E-03,5.40E-07,4.79E-01,,
4.00E-07,-2.10E-03,5.38E-07,4.79E-01,,
3.00E-07,-2.10E-03,5.40E-07,4.79E-01,,
3.50E-07,-2.10E-03,5.37E-07,4.79E-01,,
4.00E-07,-2.10E-03,5.35E-07,4.79E-01,,
3.00E-07,-2.10E-03,5.35E-07,4.79E-01,,
3.50E-07,-2.10E-03,5.35E-07,4.79E-01,,
3.00E-07,-2.10E-03,5.37E-07,4.79E-01,,
4.00E-07,-2.10E-03,5.35E-07,4.79E-01,,
3.50E-07,-2.10E-03,5.37E-07,4.79E-01,,
3.00E-07,-2.10E-03,5.40E-07,4.79E-01,,
4.00E-07,-2.11E-03,5.41E-07,4.79E-01,,
3.50E-07,-2.11E-03,5.43E-07,4.79E-01,,
3.50E-07,-2.11E-03,5.40E-07,4.79E-01,,
3.00E-07,-2.11E-03,5.45E-07,4.79E-01,,
3.00E-07,-2.11E-03,5.42E-07,4.79E-01,,
3.00E-07,-2.10E-03,5.40E-07,4.79E-01,,
4.00E-07,-2.11E-03,5.45E-07,4.79E-01,,
3.50E-07,-2.11E-03,5.45E-07,4.79E-01,,
4.00E-07,-2.11E-03,5.43E-07,4.79E-01,,
3.00E-07,-2.11E-03,5.45E-07,4.79E-01,,
3.50E-07,-2.11E-03,5.43E-07,4.79E-01,,
4.00E-07,-2.11E-03,5.41E-07,4.79E-01,,
3.00E-07,-2.11E-03,5.50E-07,4.79E-01,,
3.00E-07,-2.11E-03,5.47E-07,4.79E-01,,
3.50E-07,-2.11E-03,5.48E-07,4.79E-01,,
3.00E-07,-2.11E-03,5.45E-07,4.79E-01,,
3.50E-07,-2.11E-03,5.45E-07,4.79E-01,,
4.00E-07,-2.11E-03,5.45E-07,4.79E-01,,
3.00E-07,-2.11E-03,5.50E-07,4.79E-01,,
3.50E-07,-2.11E-03,5.48E-07,4.79E-01,,
3.50E-07,-2.11E-03,5.50E-07,4.79E-01,,
4.00E-07,-2.11E-03,5.45E-07,4.79E-01,,
4.00E-07,-2.11E-03,5.48E-07,4.79E-01,,
4.00E-07,-2.11E-03,5.50E-07,4.79E-01,,
4.00E-07,-2.11E-03,5.59E-07,4.78E-01,,
4.00E-07,-2.11E-03,5.61E-07,4.78E-01,,
3.50E-07,-2.11E-03,5.59E-07,4.78E-01,,
4.00E-07,-2.11E-03,5.64E-07,4.78E-01,,
3.50E-07,-2.11E-03,5.61E-07,4.78E-01,,
3.00E-07,-2.11E-03,5.59E-07,4.78E-01,,
4.00E-07,-2.11E-03,5.59E-07,4.78E-01,,
3.50E-07,-2.11E-03,5.57E-07,4.78E-01,,
4.00E-07,-2.11E-03,5.57E-07,4.78E-01,,
3.00E-07,-2.11E-03,5.54E-07,4.78E-01,,
3.50E-07,-2.11E-03,5.54E-07,4.78E-01,,
4.00E-07,-2.11E-03,5.54E-07,4.78E-01,,
4.00E-07,-2.11E-03,5.54E-07,4.78E-01,,
3.50E-07,-2.11E-03,5.52E-07,4.79E-01,,
4.00E-07,-2.11E-03,5.52E-07,4.79E-01,,
3.00E-07,-2.11E-03,5.50E-07,4.79E-01,,
3.50E-07,-2.11E-03,5.50E-07,4.79E-01,,
4.00E-07,-2.11E-03,5.50E-07,4.79E-01,,
3.00E-07,-2.11E-03,5.59E-07,4.78E-01,,
3.50E-07,-2.11E-03,5.61E-07,4.78E-01,,
3.00E-07,-2.11E-03,5.61E-07,4.78E-01,,
4.00E-07,-2.11E-03,5.64E-07,4.78E-01,,
3.50E-07,-2.11E-03,5.64E-07,4.78E-01,,
3.00E-07,-2.11E-03,5.64E-07,4.78E-01,,
4.00E-07,-2.11E-03,5.59E-07,4.78E-01,,
3.50E-07,-2.11E-03,5.59E-07,4.78E-01,,
3.50E-07,-2.11E-03,5.57E-07,4.78E-01,,
3.00E-07,-2.11E-03,5.59E-07,4.78E-01,,
3.00E-07,-2.11E-03,5.57E-07,4.78E-01,,
3.00E-07,-2.11E-03,5.54E-07,4.78E-01,,
4.00E-07,-2.11E-03,5.54E-07,4.78E-01,,
3.50E-07,-2.11E-03,5.54E-07,4.78E-01,,
3.50E-07,-2.11E-03,5.52E-07,4.79E-01,,
3.00E-07,-2.11E-03,5.54E-07,4.78E-01,,
3.00E-07,-2.11E-03,5.52E-07,4.79E-01,,
3.00E-07,-2.11E-03,5.50E-07,4.79E-01,,
4.00E-07,-2.11E-03,5.67E-07,4.78E-01,,
4.00E-07,-2.11E-03,5.69E-07,4.78E-01,,
3.50E-07,-2.11E-03,5.69E-07,4.78E-01,,
4.00E-07,-2.11E-03,5.71E-07,4.78E-01,,
3.50E-07,-2.11E-03,5.71E-07,4.78E-01,,
3.00E-07,-2.11E-03,5.71E-07,4.78E-01,,
3.00E-07,-2.11E-03,5.64E-07,4.78E-01,,
3.50E-07,-2.11E-03,5.66E-07,4.78E-01,,
3.00E-07,-2.11E-03,5.67E-07,4.78E-01,,
4.00E-07,-2.11E-03,5.67E-07,4.78E-01,,
3.50E-07,-2.11E-03,5.69E-07,4.78E-01,,
3.00E-07,-2.11E-03,5.71E-07,4.78E-01,,
3.00E-07,-2.11E-03,5.64E-07,4.78E-01,,
3.50E-07,-2.11E-03,5.64E-07,4.78E-01,,
3.50E-07,-2.11E-03,5.66E-07,4.78E-01,,
4.00E-07,-2.11E-03,5.64E-07,4.78E-01,,
4.00E-07,-2.11E-03,5.66E-07,4.78E-01,,
4.00E-07,-2.11E-03,5.67E-07,4.78E-01,,
3.00E-07,-2.12E-03,5.78E-07,4.77E-01,,
3.00E-07,-2.11E-03,5.75E-07,4.77E-01,,
3.50E-07,-2.11E-03,5.75E-07,4.77E-01,,
3.00E-07,-2.11E-03,5.71E-07,4.78E-01,,
3.50E-07,-2.11E-03,5.71E-07,4.78E-01,,
4.00E-07,-2.11E-03,5.71E-07,4.78E-01,,
3.00E-07,-2.12E-03,5.78E-07,4.77E-01,,
3.50E-07,-2.11E-03,5.75E-07,4.77E-01,,
3.50E-07,-2.12E-03,5.78E-07,4.77E-01,,
4.00E-07,-2.11E-03,5.71E-07,4.78E-01,,
4.00E-07,-2.11E-03,5.75E-07,4.77E-01,,
4.00E-07,-2.12E-03,5.78E-07,4.77E-01,,
3.00E-07,-2.12E-03,5.84E-07,4.77E-01,,
3.00E-07,-2.12E-03,5.81E-07,4.77E-01,,
3.50E-07,-2.12E-03,5.81E-07,4.77E-01,,
3.00E-07,-2.12E-03,5.78E-07,4.77E-01,,
3.50E-07,-2.12E-03,5.78E-07,4.77E-01,,
4.00E-07,-2.12E-03,5.78E-07,4.77E-01,,
4.00E-07,-2.12E-03,5.90E-07,4.75E-01,,
3.50E-07,-2.12E-03,5.90E-07,4.75E-01,,
3.50E-07,-2.12E-03,5.87E-07,4.76E-01,,
3.00E-07,-2.12E-03,5.90E-07,4.75E-01,,
3.00E-07,-2.12E-03,5.87E-07,4.76E-01,,
3.00E-07,-2.12E-03,5.84E-07,4.77E-01,,
4.00E-07,-2.12E-03,5.84E-07,4.76E-01,,
4.00E-07,-2.12E-03,5.87E-07,4.76E-01,,
3.50E-07,-2.12E-03,5.84E-07,4.76E-01,,
4.00E-07,-2.12E-03,5.90E-07,4.75E-01,,
3.50E-07,-2.12E-03,5.87E-07,4.76E-01,,
3.00E-07,-2.12E-03,5.84E-07,4.77E-01,,
4.00E-07,-2.12E-03,5.84E-07,4.76E-01,,
3.50E-07,-2.12E-03,5.84E-07,4.76E-01,,
4.00E-07,-2.12E-03,5.81E-07,4.77E-01,,
3.00E-07,-2.12E-03,5.84E-07,4.77E-01,,
3.50E-07,-2.12E-03,5.81E-07,4.77E-01,,
4.00E-07,-2.12E-03,5.78E-07,4.77E-01,,
3.00E-07,-2.12E-03,6.00E-07,4.73E-01,,
3.00E-07,-2.12E-03,5.98E-07,4.73E-01,,
3.50E-07,-2.12E-03,6.00E-07,4.73E-01,,
3.00E-07,-2.12E-03,5.96E-07,4.74E-01,,
3.50E-07,-2.12E-03,5.98E-07,4.73E-01,,
4.00E-07,-2.12E-03,6.00E-07,4.73E-01,,
3.00E-07,-2.12E-03,5.96E-07,4.74E-01,,
3.50E-07,-2.12E-03,5.96E-07,4.74E-01,,
3.50E-07,-2.12E-03,5.98E-07,4.73E-01,,
4.00E-07,-2.12E-03,5.97E-07,4.74E-01,,
4.00E-07,-2.12E-03,5.98E-07,4.73E-01,,
4.00E-07,-2.12E-03,6.00E-07,4.73E-01,,
4.00E-07,-2.12E-03,5.93E-07,4.74E-01,,
4.00E-07,-2.12E-03,5.95E-07,4.74E-01,,
3.50E-07,-2.12E-03,5.95E-07,4.74E-01,,
4.00E-07,-2.12E-03,5.97E-07,4.74E-01,,
3.50E-07,-2.12E-03,5.96E-07,4.74E-01,,
3.00E-07,-2.12E-03,5.96E-07,4.74E-01,,
3.00E-07,-2.12E-03,5.96E-07,4.74E-01,,
3.00E-07,-2.12E-03,5.95E-07,4.74E-01,,
3.50E-07,-2.12E-03,5.95E-07,4.74E-01,,
3.00E-07,-2.12E-03,5.93E-07,4.75E-01,,
3.50E-07,-2.12E-03,5.93E-07,4.75E-01,,
4.00E-07,-2.12E-03,5.93E-07,4.74E-01,,
3.00E-07,-2.12E-03,5.93E-07,4.75E-01,,
3.00E-07,-2.12E-03,5.91E-07,4.75E-01,,
3.50E-07,-2.12E-03,5.91E-07,4.75E-01,,
3.00E-07,-2.12E-03,5.90E-07,4.75E-01,,
3.50E-07,-2.12E-03,5.90E-07,4.75E-01,,
4.00E-07,-2.12E-03,5.90E-07,4.75E-01,,
3.00E-07,-2.12E-03,5.93E-07,4.75E-01,,
3.50E-07,-2.12E-03,5.91E-07,4.75E-01,,
3.50E-07,-2.12E-03,5.93E-07,4.75E-01,,
4.00E-07,-2.12E-03,5.90E-07,4.75E-01,,
4.00E-07,-2.12E-03,5.91E-07,4.75E-01,,
4.00E-07,-2.12E-03,5.93E-07,4.74E-01,,
